(1, 5)|South|323.84691396
(1, 4)|South|421.3099044
(1, 3)|East|346.776797992
(2, 3)|South|476.163144097
(2, 2)|East|578.39578376
(3, 2)|South|627.925838337
(1, 5)|South|309.434719696
(1, 4)|South|407.52305272
(1, 3)|South|544.771845419
(1, 2)|South|522.210399348
(1, 1)|East|292.692630944
(2, 1)|East|702.123470499
(1, 5)|South|296.250542083
(1, 4)|South|391.191063626
(1, 3)|South|501.66236693
(1, 2)|East|509.506764682
(2, 2)|East|537.867727609
(3, 2)|South|602.140670669
(1, 5)|South|283.743361302
(1, 4)|South|372.952334933
(1, 3)|South|463.795141466
(1, 2)|South|452.691435192
(1, 1)|East|318.208921215
(2, 1)|East|661.498776399
(1, 5)|South|271.548969233
(1, 4)|South|353.817284922
(1, 3)|South|431.976924934
(1, 2)|East|474.477364894
(2, 2)|South|526.32620749
(2, 1)|East|628.999021119
(1, 5)|South|259.497249577
(1, 4)|South|334.69105893
(1, 3)|South|402.318823735
(1, 2)|East|443.926019228
(2, 2)|East|502.351062567
(3, 2)|South|581.512536536
(1, 5)|South|247.560726733
(1, 4)|South|315.831105992
(1, 3)|South|375.978031211
(1, 2)|South|400.138218699
(1, 1)|East|329.847019507
(2, 1)|East|602.999216896
(1, 5)|South|235.748314106
(1, 4)|South|297.582248539
(1, 3)|South|353.853547276
(1, 2)|East|418.099960281
(2, 2)|South|493.220872019
(2, 1)|East|582.199373516
(1, 5)|South|224.108521109
(1, 4)|South|280.328224504
(1, 3)|South|333.054833054
(1, 2)|East|396.037540009
(2, 2)|West|461.060452251
(1, 2)|North|371.701929261
(1, 3)|East|334.361015686
(2, 3)|East|230.924857691
(3, 3)|South|499.862638647
(3, 2)|South|565.010029228
(1, 5)|South|212.726203828
(1, 4)|South|264.185901486
(1, 3)|South|314.260452687
(1, 2)|South|359.4922173
(1, 1)|East|333.541540427
(2, 1)|East|565.559498813
(1, 5)|South|201.683271241
(1, 4)|South|251.272043071
(1, 3)|East|324.42838984
(2, 3)|South|441.012642786
(2, 2)|East|469.482053561
(3, 2)|South|551.808023383
(1, 5)|South|191.299262161
(1, 4)|South|239.749041237
(1, 3)|East|312.264229006
(2, 3)|South|411.796618871
(2, 2)|South|462.243837473
(2, 1)|East|552.247599051
(1, 5)|South|181.609294677
(1, 4)|South|229.310487312
(1, 3)|South|298.732866951
(1, 2)|East|372.967878434
(2, 2)|East|441.602605655
(3, 2)|South|541.246418706
(1, 5)|South|173.608133982
(1, 4)|South|220.720097331
(1, 3)|East|299.02697747
(2, 3)|South|384.706555594
(2, 2)|South|435.864781864
(2, 1)|East|541.59807924
(1, 5)|South|167.207205427
(1, 4)|North|210.002852922
(1, 5)|South|160.052176021
(1, 4)|South|212.259315161
(1, 3)|East|285.186368647
(2, 3)|South|362.892498745
(2, 2)|West|413.404507213
(1, 2)|East|351.166615426
(2, 2)|East|418.778725163
(3, 2)|North|417.869429071
(3, 3)|South|465.386751557
(3, 2)|East|512.567544735
(4, 2)|West|563.34917339
(3, 2)|South|532.797134965
(1, 5)|South|153.312858636
(1, 4)|South|205.455396163
(1, 3)|North|256.154422249
(1, 4)|North|186.199825374
(1, 5)|South|147.104934448
(1, 4)|South|200.012260964
(1, 3)|South|283.390525072
(1, 2)|North|331.383907647
(1, 3)|East|271.496194767
(2, 3)|South|342.41777282
(2, 2)|South|413.483595
(2, 1)|East|533.078463392
(1, 5)|East|150.942407938
(2, 5)|South|254.968030644
(2, 4)|South|349.275589723
(2, 3)|South|325.862192332
(2, 2)|North|386.423290256
(2, 3)|South|310.743200885
(2, 2)|East|398.758636326
(3, 2)|South|526.037707972
(1, 5)|East|151.150090027
(2, 5)|South|245.687495282
(2, 4)|South|316.509655885
(2, 3)|South|298.012592108
(2, 2)|South|394.725518966
(2, 1)|West|467.415937956
(1, 1)|East|330.602647949
(2, 1)|East|526.262770714
(1, 5)|East|150.202571456
(2, 5)|South|234.331154932
(2, 4)|South|288.769235761
(2, 3)|South|287.818614552
(2, 2)|West|373.662671846
(1, 2)|South|327.066091594
(1, 1)|East|327.433650845
(2, 1)|East|520.810216571
(1, 5)|East|148.081795756
(2, 5)|South|221.917232237
(2, 4)|South|265.353622355
(2, 3)|South|277.905928001
(2, 2)|East|381.931434018
(3, 2)|South|520.630166378
(1, 5)|East|144.895504474
(2, 5)|South|209.176220472
(2, 4)|South|245.431609244
(2, 3)|South|269.491804677
(2, 2)|South|378.077641161
(2, 1)|East|516.448173257
(1, 5)|South|141.485418874
(1, 4)|South|193.81667178
(1, 3)|South|268.652413909
(1, 2)|East|327.104087171
(2, 2)|North|341.277648766
(2, 3)|South|261.225215823
(2, 2)|East|367.82076718
(3, 2)|South|516.304133102
(1, 5)|East|140.817550035
(2, 5)|South|196.592769487
(2, 4)|South|227.492313294
(2, 3)|South|254.149489598
(2, 2)|South|364.23589372
(2, 1)|East|512.958538606
(1, 5)|South|136.246335713
(1, 4)|South|187.432880796
(1, 3)|East|247.494894565
(2, 3)|South|247.9591123
(2, 2)|West|338.496206395
(1, 2)|North|297.145415787
(1, 3)|South|253.974421588
(1, 2)|East|305.621761799
(2, 2)|East|356.013109716
(3, 2)|South|512.843306482
(1, 5)|East|136.045172367
(2, 5)|South|184.373293185
(2, 4)|South|211.900618826
(2, 3)|West|231.250318607
(1, 3)|North|227.215483495
(1, 4)|South|180.223235227
(1, 3)|South|242.227468261
(1, 2)|South|300.744911377
(1, 1)|East|323.301945309
(2, 1)|East|510.166830884
(1, 5)|South|131.141047615
(1, 4)|North|165.085280983
(1, 5)|East|130.760933076
(2, 5)|South|172.726708807
(2, 4)|South|199.075588537
(2, 3)|South|241.875597086
(2, 2)|South|352.408734682
(2, 1)|East|507.933464708
(1, 5)|South|126.33962632
(1, 4)|South|173.67797553
(1, 3)|East|226.820987303
(2, 3)|South|236.022050835
(2, 2)|East|346.151684551
(3, 2)|South|510.074645185
(1, 5)|East|125.135951517
(2, 5)|South|161.87043767
(2, 4)|South|187.38311693
(2, 3)|South|230.90668883
(2, 2)|South|342.679003511
(2, 1)|East|506.146771766
(1, 5)|South|121.713058119
(1, 4)|South|167.809676615
(1, 3)|South|230.256586025
(1, 2)|East|285.835611585
(2, 2)|East|338.229453009
(3, 2)|East|477.455936595
(4, 2)|West|511.688296134
(3, 2)|South|507.859716148
(1, 5)|East|119.333213734
(2, 5)|South|151.782324167
(2, 4)|South|177.456531776
(2, 3)|West|212.431045208
(1, 3)|South|220.094658185
(1, 2)|South|279.192162538
(1, 1)|East|319.179168859
(2, 1)|East|504.717417413
(1, 5)|South|117.307607689
(1, 4)|South|161.313599312
(1, 3)|North|201.382620514
(1, 4)|North|146.188210435
(1, 5)|East|113.480449888
(2, 5)|South|142.520643147
(2, 4)|South|169.476208344
(2, 3)|East|240.38629634
(3, 3)|South|433.052567183
(3, 2)|South|506.087772919
(1, 5)|South|113.003718069
(1, 4)|South|156.069397926
(1, 3)|East|210.103145403
(2, 3)|East|244.075345134
(3, 3)|South|406.972586497
(3, 2)|South|504.670218335
(1, 5)|East|107.686837088
(2, 5)|South|134.153659519
(2, 4)|South|164.670008091
(2, 3)|East|243.896986487
(3, 3)|South|385.938495398
(3, 2)|South|503.536174668
(1, 5)|South|108.931302206
(1, 4)|South|151.066877323
(1, 3)|South|211.533176443
(1, 2)|North|262.900313802
(1, 3)|South|203.326814544
(1, 2)|East|269.589969689
(2, 2)|West|304.10002462
(1, 2)|South|261.455230294
(1, 1)|East|315.709425177
(2, 1)|East|503.57393393
(1, 5)|South|105.073067044
(1, 4)|South|145.865879307
(1, 3)|East|197.150154701
(2, 3)|West|194.144053912
(1, 3)|South|194.812247998
(1, 2)|East|256.593456173
(2, 2)|South|334.37207488
(2, 1)|East|502.659147144
(1, 5)|East|102.047908812
(2, 5)|South|126.883328586
(2, 4)|South|160.803644851
(2, 3)|East|241.230208637
(3, 3)|South|368.975137278
(3, 2)|South|502.628939734
(1, 5)|South|101.401038887
(1, 4)|North|128.996317405
(1, 5)|East|96.6643264803
(2, 5)|South|120.603100251
(2, 4)|South|157.390540918
(2, 3)|East|237.061183383
(3, 3)|South|355.295582591
(3, 2)|South|501.903151787
(1, 5)|South|98.4247366264
(1, 4)|South|140.658617907
(1, 3)|North|178.028223359
(1, 4)|East|132.834377896
(2, 4)|South|154.15977474
(2, 3)|East|232.084416617
(3, 3)|South|344.264844287
(3, 2)|South|501.32252143
(1, 5)|South|95.41882345
(1, 4)|South|135.98491289
(1, 3)|East|185.370253755
(2, 3)|East|226.779314608
(3, 3)|South|335.370578001
(3, 2)|South|500.858017144
(1, 5)|East|91.6038332144
(2, 5)|South|114.78165317
(2, 4)|South|150.836622452
(2, 3)|South|225.478668916
(2, 2)|North|300.035636766
(2, 3)|East|221.467921047
(3, 3)|South|328.199424458
(3, 2)|South|500.486413715
(1, 5)|South|92.4532483067
(1, 4)|South|131.965400071
(1, 3)|South|187.197836055
(1, 2)|North|232.583991368
(1, 3)|South|180.932896479
(1, 2)|East|245.662299299
(2, 2)|East|330.441932053
(3, 2)|South|500.189130972
(1, 5)|South|89.7027239929
(1, 4)|South|127.616750508
(1, 3)|North|158.162704035
(1, 4)|East|124.167897011
(2, 4)|South|147.526738231
(2, 3)|South|220.307584118
(2, 2)|North|266.404659938
(2, 3)|East|216.358267772
(3, 3)|South|322.382235283
(3, 2)|South|499.951304778
(1, 5)|East|86.8568649518
(2, 5)|South|109.328531124
(2, 4)|South|144.258300679
(2, 3)|South|216.17071628
(2, 2)|South|327.616757561
(2, 1)|East|501.927317715
(1, 5)|South|87.041737283
(1, 4)|North|113.442062398
(1, 5)|South|84.7473998873
(1, 4)|South|124.137830857
(1, 3)|East|174.059195136
(2, 3)|East|211.572482452
(3, 3)|South|317.6999448
(3, 2)|South|499.761043822
(1, 5)|East|82.4049156963
(2, 5)|South|104.57382098
(2, 4)|South|141.147126497
(2, 3)|South|212.389604871
(2, 2)|South|322.124684175
(2, 1)|East|501.341854172
(1, 5)|South|82.4980675512
(1, 4)|East|116.071972788
(2, 4)|South|138.204453782
(2, 3)|South|209.364715743
(2, 2)|East|324.124870901
(3, 2)|South|499.608835058
(1, 5)|South|80.6949937437
(1, 4)|South|120.822212263
(1, 3)|East|164.473713843
(2, 3)|North|185.893586013
(2, 4)|South|135.75226092
(2, 3)|East|207.181979338
(3, 3)|South|313.913016047
(3, 2)|South|499.487068046
(1, 5)|East|78.2727910747
(2, 5)|South|99.7493280946
(2, 4)|South|133.525574625
(2, 3)|South|206.186757102
(2, 2)|East|319.038344886
(3, 2)|South|499.389654437
(1, 5)|South|78.8546604665
(1, 4)|South|118.169717388
(1, 3)|South|175.920944819
(1, 2)|South|246.849315256
(1, 1)|East|312.528562642
(2, 1)|East|500.873483338
(1, 5)|South|77.0640944598
(1, 4)|South|115.446287288
(1, 3)|South|170.158673686
(1, 2)|South|234.782879722
(1, 1)|East|309.927668114
(2, 1)|East|500.49878667
(1, 5)|East|74.3881522311
(2, 5)|South|95.6225314307
(2, 4)|South|131.482297221
(2, 3)|East|203.215145396
(3, 3)|South|310.85717137
(3, 2)|South|499.31172355
(1, 5)|South|75.3799123024
(1, 4)|East|108.435453897
(2, 4)|South|129.728248629
(2, 3)|South|203.404367783
(2, 2)|South|317.55960174
(2, 1)|East|500.199029336
(1, 5)|South|73.9574843166
(1, 4)|South|112.576070673
(1, 3)|South|165.406414864
(1, 2)|East|234.614440826
(2, 2)|East|314.948082735
(3, 2)|South|499.24937884
(1, 5)|East|70.7852255566
(2, 5)|South|91.86541498
(2, 4)|South|127.991123037
(2, 3)|South|200.630646435
(2, 2)|South|313.871564913
(2, 1)|East|499.959223469
(1, 5)|South|72.579034941
(1, 4)|North|99.2631341115
(1, 5)|South|71.3723564336
(1, 4)|South|109.709626322
(1, 3)|South|160.299077458
(1, 2)|South|224.817623951
(1, 1)|East|307.737241308
(2, 1)|East|499.767378775
(1, 5)|South|70.0630403055
(1, 4)|South|107.304546719
(1, 3)|East|155.764788522
(2, 3)|East|199.674976881
(3, 3)|South|308.395662557
(3, 2)|South|499.199503072
(1, 5)|East|67.4520302429
(2, 5)|South|88.6512667484
(2, 4)|South|126.268576002
(2, 3)|South|198.098287076
(2, 2)|East|311.662406557
(3, 2)|South|499.159602457
(1, 5)|South|68.8626867121
(1, 4)|East|101.700592238
(2, 4)|South|124.775858027
(2, 3)|East|196.547461012
(3, 3)|South|306.41568234
(3, 2)|South|499.127681966
(1, 5)|South|67.7666949759
(1, 4)|South|104.87952667
(1, 3)|South|156.192994866
(1, 2)|East|225.15614045
(2, 2)|South|310.869337383
(2, 1)|East|499.61390302
(1, 5)|South|66.5988991812
(1, 4)|South|102.68314582
(1, 3)|North|138.652140726
(1, 4)|South|100.68967604
(1, 3)|South|152.664474857
(1, 2)|North|204.558967717
(1, 3)|East|148.183625267
(2, 3)|South|195.678118448
(2, 2)|East|309.025247081
(3, 2)|South|499.102145573
(1, 5)|East|64.3997762041
(2, 5)|South|85.694116362
(2, 4)|South|123.206381743
(2, 3)|East|193.80785069
(3, 3)|South|304.824803341
(3, 2)|South|499.081716458
(1, 5)|South|65.2831904135
(1, 4)|East|95.9452395996
(2, 4)|South|121.846479608
(2, 3)|South|193.646815244
(2, 2)|South|308.449138269
(2, 1)|East|499.491122416
(1, 5)|South|64.1093134556
(1, 4)|South|98.6714778148
(1, 3)|South|148.950316739
(1, 2)|East|217.00794201
(2, 2)|East|306.91000364
(3, 2)|South|499.065373167
(1, 5)|East|61.6031149267
(2, 5)|South|82.9768706426
(2, 4)|South|120.574470156
(2, 3)|West|172.989281138
(1, 3)|South|145.938368266
(1, 2)|South|216.582568118
(1, 1)|East|305.928727736
(2, 1)|East|499.392897933
(1, 5)|South|62.9990268579
(1, 4)|North|86.7703905122
(1, 5)|South|62.0397988241
(1, 4)|South|96.5192172839
(1, 3)|East|141.603842296
(2, 3)|East|191.425256953
(3, 3)|South|303.547687453
(3, 2)|South|499.052298533
(1, 5)|South|61.0141451333
(1, 4)|South|94.527978019
(1, 3)|South|142.591647654
(1, 2)|East|210.4202502
(2, 2)|South|306.486458367
(2, 1)|East|499.314318346
(1, 5)|East|59.0397164185
(2, 5)|South|80.6504329328
(2, 4)|South|119.497193954
(2, 3)|South|191.546652632
(2, 2)|East|305.214278736
(3, 2)|South|499.041838827
(1, 5)|South|60.1247448586
(1, 4)|East|90.8958549541
(2, 4)|South|118.383353479
(2, 3)|South|189.81569711
(2, 2)|South|304.906884895
(2, 1)|East|499.251454677
(1, 5)|South|59.2431532492
(1, 4)|South|92.5333801336
(1, 3)|South|139.863226297
(1, 2)|South|209.777501823
(1, 1)|East|304.45315675
(2, 1)|East|499.201163742
(1, 5)|South|58.2985282154
(1, 4)|South|90.8191651824
(1, 3)|East|136.054104671
(2, 3)|East|189.365928057
(3, 3)|South|302.523170621
(3, 2)|South|499.033471061
(1, 5)|East|56.7098250867
(2, 5)|South|78.5263487637
(2, 4)|South|117.284566436
(2, 3)|South|188.278271136
(2, 2)|East|303.855439516
(3, 2)|South|499.026776849
(1, 5)|South|57.3463251668
(1, 4)|East|86.5908319357
(2, 4)|South|116.351564516
(2, 3)|East|187.59552292
(3, 3)|South|301.701749719
(3, 2)|South|499.021421479
(1, 5)|South|56.5753599553
(1, 4)|South|89.2389193016
(1, 3)|South|136.941011062
(1, 2)|East|204.725026348
(2, 2)|South|303.629647565
(2, 1)|East|499.160930993
(1, 5)|East|54.591021921
(2, 5)|South|76.5832667529
(2, 4)|South|115.474644149
(2, 3)|South|186.914619863
(2, 2)|West|268.253319915
(1, 2)|South|204.156380268
(1, 1)|East|303.261837119
(2, 1)|East|499.128744795
(1, 5)|South|55.7689582804
(1, 4)|South|87.8293923284
(1, 3)|North|121.26123966
(1, 4)|South|86.4964351901
(1, 3)|South|133.919812011
(1, 2)|East|200.04267382
(2, 2)|East|302.76692219
(3, 2)|South|499.017137183
(1, 5)|South|54.8276134858
(1, 4)|North|75.795626028
(1, 5)|South|54.0529906209
(1, 4)|East|82.9296228464
(2, 4)|South|114.69117807
(2, 3)|East|186.080628302
(3, 3)|South|301.043456237
(3, 2)|South|499.013709747
(1, 5)|East|52.6628095472
(2, 5)|South|74.8295547707
(2, 4)|South|113.982696839
(2, 3)|South|185.767253598
(2, 2)|South|302.599167428
(2, 1)|East|499.102995836
(1, 5)|South|53.4219647196
(1, 4)|South|85.3236407127
(1, 3)|East|130.972959133
(2, 3)|East|184.78971739
(3, 3)|South|300.516410159
(3, 2)|South|499.010967797
(1, 5)|South|52.7764086612
(1, 4)|South|84.1292900115
(1, 3)|South|131.482925735
(1, 2)|North|179.225125262
(1, 3)|South|129.48510622
(1, 2)|South|199.516524669
(1, 1)|East|302.301829196
(2, 1)|East|499.082396669
(1, 5)|South|52.1166417303
(1, 4)|South|82.8201871052
(1, 3)|East|126.885597628
(2, 3)|North|162.192792431
(2, 4)|South|113.278227903
(2, 3)|South|184.745833542
(2, 2)|East|301.894853888
(3, 2)|South|499.008774238
(1, 5)|East|50.9097942102
(2, 5)|South|73.2570311649
(2, 4)|South|112.597348409
(2, 3)|East|183.693743131
(3, 3)|South|300.094181036
(3, 2)|South|499.00701939
(1, 5)|South|51.4448681258
(1, 4)|East|79.6553800863
(2, 4)|South|112.047378753
(2, 3)|South|183.908566925
(2, 2)|South|301.769221542
(2, 1)|East|499.065917335
(1, 5)|South|50.8943169533
(1, 4)|South|81.5943624305
(1, 3)|South|127.393205834
(1, 2)|East|196.061521523
(2, 2)|East|301.196725437
(3, 2)|South|499.005615512
(1, 5)|East|49.318679108
(2, 5)|South|71.8513103823
(2, 4)|South|111.506931033
(2, 3)|South|183.139160125
(2, 2)|South|301.103287314
(2, 1)|East|499.052733868
(1, 5)|South|50.3067770543
(1, 4)|South|80.3626746446
(1, 3)|South|125.656547628
(1, 2)|South|195.689439239
(1, 1)|East|301.527791421
(2, 1)|East|499.042187094
(1, 5)|South|49.6889426008
(1, 4)|South|79.316411431
(1, 3)|East|123.351727278
(2, 3)|East|182.766296229
(3, 3)|South|299.75601869
(3, 2)|South|499.00449241
(1, 5)|South|49.109799691
(1, 4)|East|76.905135793
(2, 4)|South|110.982244041
(2, 3)|South|182.454935152
(2, 2)|East|300.637919439
(3, 2)|South|499.003593928
(1, 5)|East|47.8771005322
(2, 5)|South|70.5989175908
(2, 4)|South|110.517750781
(2, 3)|West|153.270210626
(1, 3)|South|123.852620685
(1, 2)|East|192.781611696
(2, 2)|South|300.567692302
(2, 1)|East|499.033749675
(1, 5)|South|48.6058091245
(1, 4)|South|78.115443627
(1, 3)|South|122.364829257
(1, 2)|South|192.534886361
(1, 1)|North|49.9008352968
(1, 2)|East|190.101839689
(2, 2)|East|300.190766822
(3, 2)|South|499.002875142
(1, 5)|South|48.0585005349
(1, 4)|South|77.094562175
(1, 3)|East|120.41333737
(2, 3)|East|181.983759226
(3, 3)|South|299.485159969
(3, 2)|South|499.002300114
(1, 5)|South|47.4981478889
(1, 4)|South|76.1594292508
(1, 3)|South|120.796049769
(1, 2)|South|190.01124406
(1, 1)|East|300.906283098
(2, 1)|East|499.02699974
(1, 5)|East|46.5735505367
(2, 5)|South|69.5412641663
(2, 4)|South|110.108792843
(2, 3)|South|181.832071198
(2, 2)|South|300.137393811
(2, 1)|East|499.021599792
(1, 5)|South|47.0271346063
(1, 4)|East|74.5371637755
(2, 4)|South|109.725085381
(2, 3)|East|181.325226577
(3, 3)|South|299.268403989
(3, 2)|South|499.001840091
(1, 5)|South|46.5608391951
(1, 4)|South|75.2788921599
(1, 3)|North|105.904466852
(1, 4)|North|66.0253268868
(1, 5)|East|45.4037921293
(2, 5)|South|68.6000215788
(2, 4)|South|109.399916849
(2, 3)|South|181.288548977
(2, 2)|South|299.792507024
(2, 1)|East|499.017279834
(1, 5)|East|44.3550362929
(2, 5)|South|67.8080072849
(2, 4)|South|109.078960668
(2, 3)|East|180.772389741
(3, 3)|South|299.094944002
(3, 2)|South|499.001472073
(1, 5)|South|46.0821384153
(1, 4)|South|74.5186397002
(1, 3)|South|119.249060578
(1, 2)|East|187.90436377
(2, 2)|East|299.832790107
(3, 2)|South|499.001177658
(1, 5)|South|45.6101703853
(1, 4)|East|72.5192063006
(2, 4)|North|-227.130178071
(2, 5)|South|67.1358811081
(2, 4)|South|108.817794412
(2, 3)|South|180.810773995
(2, 2)|East|299.546373404
(3, 2)|South|499.000942127
(1, 5)|South|45.2303730722
(1, 4)|South|73.8645122445
(1, 3)|East|117.827962775
(2, 3)|South|180.423720039
(2, 2)|South|299.516079199
(2, 1)|East|499.013823867
(1, 5)|South|44.8480399271
(1, 4)|South|73.2014970649
(1, 3)|South|118.000597749
(1, 2)|South|187.917749219
(1, 1)|East|300.406685342
(2, 1)|East|499.011059094
(1, 5)|South|44.4626115895
(1, 4)|South|72.5212693819
(1, 3)|South|116.750608106
(1, 2)|South|186.183001617
(1, 1)|East|300.006675365
(2, 1)|East|499.008847275
(1, 5)|South|44.0726415974
(1, 4)|South|71.9563710386
(1, 3)|East|115.755056989
(2, 3)|East|180.309305073
(3, 3)|South|298.956068257
(3, 2)|South|499.000753701
(1, 5)|South|43.760418034
(1, 4)|East|70.8735003699
(2, 4)|South|108.505081934
(2, 3)|South|180.084540839
(2, 2)|East|299.317189168
(3, 2)|South|499.000602961
(1, 5)|East|43.3403347673
(2, 5)|South|66.5293147186
(2, 4)|South|108.241182156
(2, 3)|East|179.922172249
(3, 3)|South|298.844926961
(3, 2)|South|499.000482369
(1, 5)|South|43.4430989518
(1, 4)|South|71.3751698035
(1, 3)|South|115.749010137
(1, 2)|East|186.06542052
(2, 2)|South|299.293925032
(2, 1)|East|499.00707782
(1, 5)|South|43.1194995379
(1, 4)|South|70.7907426815
(1, 3)|East|114.014190492
(2, 3)|South|179.785695372
(2, 2)|East|299.133809218
(3, 2)|South|499.000385895
(1, 5)|East|42.4557855801
(2, 5)|South|66.0123936336
(2, 4)|South|107.983606395
(2, 3)|East|179.599129035
(3, 3)|South|298.755987876
(3, 2)|South|499.000308716
(1, 5)|South|42.8004196747
(1, 4)|East|69.4568330633
(2, 4)|South|107.76116856
(2, 3)|South|179.543827301
(2, 2)|South|299.115989364
(2, 1)|East|499.005662256
(1, 5)|South|42.5352248616
(1, 4)|South|70.3224753617
(1, 3)|South|114.741168304
(1, 2)|South|184.747202337
(1, 1)|East|299.686019763
(2, 1)|East|499.004529805
(1, 5)|East|41.6861157001
(2, 5)|South|65.5412551341
(2, 4)|South|107.560830332
(2, 3)|East|179.330021773
(3, 3)|South|298.684827347
(3, 2)|South|499.000246973
(1, 5)|South|42.2668769326
(1, 4)|South|69.8269204858
(1, 3)|South|113.920785105
(1, 2)|East|184.548393522
(2, 2)|East|298.987077011
(3, 2)|South|499.000197578
(1, 5)|South|41.9927320044
(1, 4)|South|69.3432392477
(1, 3)|East|112.55661167
(2, 3)|South|179.328980565
(2, 2)|South|298.973335068
(2, 1)|East|499.003623844
(1, 5)|South|41.7290055711
(1, 4)|East|68.2727660906
(2, 4)|South|107.368266879
(2, 3)|East|179.1061967
(3, 3)|South|298.627885587
(3, 2)|South|499.000158063
(1, 5)|South|41.5043931666
(1, 4)|South|68.9450856108
(1, 3)|South|113.106292365
(1, 2)|South|183.560084241
(1, 1)|East|299.429250671
(2, 1)|East|499.002899075
(1, 5)|East|41.0138431762
(2, 5)|South|65.1171961328
(2, 4)|South|107.214091171
(2, 3)|South|179.141633693
(2, 2)|East|298.869680577
(3, 2)|South|499.00012645
(1, 5)|South|41.2769248066
(1, 4)|South|68.5288235724
(1, 3)|South|112.430841114
(1, 2)|East|183.315515026
(2, 2)|South|298.859015943
(2, 1)|East|499.00231926
(1, 5)|South|41.044998674
(1, 4)|South|68.1298522583
(1, 3)|East|111.342285379
(2, 3)|South|178.977668624
(2, 2)|East|298.775759635
(3, 2)|South|499.00010116
(1, 5)|South|40.82873087
(1, 4)|East|67.2839038129
(2, 4)|South|107.064016541
(2, 3)|East|178.92030363
(3, 3)|South|298.582320609
(3, 2)|North|369.92542173
(3, 3)|South|298.545868626
(3, 2)|South|499.000080928
(1, 5)|East|40.4251380769
(2, 5)|South|64.7414388911
(2, 4)|West|7.97558227099
(1, 4)|South|67.7955827403
(1, 3)|South|111.771883
(1, 2)|North|156.59272617
(1, 3)|South|111.244716509
(1, 2)|South|182.579577473
(1, 1)|East|299.223678848
(2, 1)|East|499.001855408
(1, 5)|South|40.5984546249
(1, 4)|South|67.3975404378
(1, 3)|East|110.351148538
(2, 3)|South|178.845216812
(2, 2)|South|298.767435404
(2, 1)|East|499.001484326
(1, 5)|South|40.3664685524
(1, 4)|South|67.0673983313
(1, 3)|South|110.793635011
(1, 2)|East|182.305503177
(2, 2)|East|298.70061742
(3, 2)|South|499.000064742
(1, 5)|East|39.9090831284
(2, 5)|South|64.4408330977
(2, 4)|South|106.921649668
(2, 3)|East|178.761747139
(3, 3)|South|298.51670267
(3, 2)|South|499.000051794
(1, 5)|South|40.1672432995
(1, 4)|East|66.4577210105
(2, 4)|South|106.798745752
(2, 3)|South|178.728265698
(2, 2)|South|298.694126442
(2, 1)|East|499.001187461
(1, 5)|South|39.9818824393
(1, 4)|South|66.7491548663
(1, 3)|South|110.344457305
(1, 2)|South|181.770503441
(1, 1)|East|299.059085574
(2, 1)|East|499.000949969
(1, 5)|South|39.7954045354
(1, 4)|South|66.4414617176
(1, 3)|East|109.532328487
(2, 3)|East|178.631402032
(3, 3)|South|298.493368351
(3, 2)|South|499.000041435
(1, 5)|East|39.4601664745
(2, 5)|South|64.1685159684
(2, 4)|South|106.686388485
(2, 3)|South|178.626686649
(2, 2)|East|298.640498908
(3, 2)|South|499.000033148
(1, 5)|South|39.6112501496
(1, 4)|East|65.7685434266
(2, 4)|South|106.584879032
(2, 3)|East|178.524325828
(3, 3)|South|298.474698659
(3, 2)|South|499.000026519
(1, 5)|South|39.4619755258
(1, 4)|South|66.1945042507
(1, 3)|South|109.952226225
(1, 2)|East|181.487697715
(2, 2)|South|298.63541515
(2, 1)|East|499.000759975
(1, 5)|South|39.3129209307
(1, 4)|South|65.9498705476
(1, 3)|South|109.574241393
(1, 2)|South|181.103493021
(1, 1)|East|298.927359656
(2, 1)|East|499.00060798
(1, 5)|East|39.0683550958
(2, 5)|South|63.9249982586
(2, 4)|South|106.503105624
(2, 3)|South|178.538209188
(2, 2)|East|298.592402309
(3, 2)|East|443.167344812
(4, 2)|West|469.030640089
(3, 2)|South|499.000021215
(1, 5)|South|39.173375971
(1, 4)|North|57.321066626
(1, 5)|South|39.0526852425
(1, 4)|South|65.7088054053
(1, 3)|South|109.23791684
(1, 2)|East|180.82640799
(2, 2)|South|298.588405078
(2, 1)|East|499.000486384
(1, 5)|East|38.7256838677
(2, 5)|South|63.7203712817
(2, 4)|South|106.427069601
(2, 3)|South|178.461655627
(2, 2)|East|298.553924393
(3, 2)|South|499.000016972
(1, 5)|South|38.9343734052
(1, 4)|East|65.1860830935
(2, 4)|South|106.36457478
(2, 3)|East|178.436424501
(3, 3)|South|298.459760964
(3, 2)|South|499.000013577
(1, 5)|South|38.8325553728
(1, 4)|South|65.5109237427
(1, 3)|East|108.841261465
(2, 3)|South|178.399933111
(2, 2)|South|298.550782428
(2, 1)|East|499.000389107
(1, 5)|South|38.7273551474
(1, 4)|South|65.317289015
(1, 3)|South|108.922752635
(1, 2)|South|180.554077576
(1, 1)|East|298.821934418
(2, 1)|East|499.000311286
(1, 5)|South|38.6199587997
(1, 4)|South|65.1245615282
(1, 3)|South|108.637371067
(1, 2)|East|180.287597319
(2, 2)|East|298.523141143
(3, 2)|South|499.000010862
(1, 5)|East|38.4269916479
(2, 5)|South|63.540045999
(2, 4)|South|106.304030764
(2, 3)|East|178.364310917
(3, 3)|South|298.447810074
(3, 2)|South|499.00000869
(1, 5)|South|38.518297011
(1, 4)|East|64.7053501665
(2, 4)|South|106.251216585
(2, 3)|South|178.34604038
(2, 2)|South|298.520663297
(2, 1)|East|499.000249029
(1, 5)|South|38.4295849922
(1, 4)|South|64.9606005983
(1, 3)|East|108.276726482
(2, 3)|East|178.305185942
(3, 3)|South|298.438249102
(3, 2)|South|499.000006952
(1, 5)|South|38.3389400655
(1, 4)|South|64.8049650067
(1, 3)|South|108.376386162
(1, 2)|South|180.101894191
(1, 1)|East|298.737577418
(2, 1)|East|499.000199223
(1, 5)|East|38.1663988382
(2, 5)|South|63.3821827894
(2, 4)|South|106.202498114
(2, 3)|South|178.299609242
(2, 2)|East|298.498513749
(3, 2)|South|499.000005561
(1, 5)|South|38.2477478532
(1, 4)|South|64.6491383448
(1, 3)|South|108.135620608
(1, 2)|East|179.852557451
(2, 2)|South|298.496554544
(2, 1)|East|499.000159378
(1, 5)|South|38.1628403026
(1, 4)|East|64.3085799069
(2, 4)|South|106.158620804
(2, 3)|East|178.256738646
(3, 3)|South|298.430599949
(3, 2)|South|499.000004449
(1, 5)|East|37.9389810053
(2, 5)|South|63.244780728
(2, 4)|South|106.122849752
(2, 3)|South|178.259509043
(2, 2)|East|298.478811533
(3, 2)|South|499.000003559
(1, 5)|South|38.0881688434
(1, 4)|South|64.5125178537
(1, 3)|East|107.812522271
(2, 3)|South|178.22719378
(2, 2)|South|298.477262761
(2, 1)|East|499.000127503
(1, 5)|South|38.0120372172
(1, 4)|South|64.3862887559
(1, 3)|South|107.920723789
(1, 2)|South|179.730024643
(1, 1)|East|298.670077234
(2, 1)|East|499.000102002
(1, 5)|South|37.9359844245
(1, 4)|South|64.2595178595
(1, 3)|South|107.718885926
(1, 2)|East|179.499503345
(2, 2)|East|298.463049654
(3, 2)|South|499.000002847
(1, 5)|East|37.7405584916
(2, 5)|South|63.1305665526
(2, 4)|South|106.089088439
(2, 3)|East|178.217062911
(3, 3)|South|298.424480301
(3, 2)|South|499.000002278
(1, 5)|South|37.8658171284
(1, 4)|East|63.9775545382
(2, 4)|South|106.058534005
(2, 3)|South|178.199026555
(2, 2)|South|298.461822449
(2, 1)|East|499.000081602
(1, 5)|South|37.8037958459
(1, 4)|South|64.1451169601
(1, 3)|East|107.436065366
(2, 3)|East|178.184587965
(3, 3)|South|298.419584514
(3, 2)|South|499.000001822
(1, 5)|South|37.7404507119
(1, 4)|South|64.0423598791
(1, 3)|South|107.542711698
(1, 2)|South|179.424428982
(1, 1)|East|298.61607158
(2, 1)|East|499.000065281
(1, 5)|East|37.5681147796
(2, 5)|South|63.0314773227
(2, 4)|South|106.030710391
(2, 3)|South|178.174787203
(2, 2)|East|298.450439942
(3, 2)|South|499.000001458
(1, 5)|South|37.677443755
(1, 4)|North|50.1781465514
(1, 5)|South|37.6270381895
(1, 4)|South|63.939013307
(1, 3)|South|107.374109759
(1, 2)|East|179.215021369
(2, 2)|South|298.449465793
(2, 1)|East|499.000052225
(1, 5)|South|37.5789370962
(1, 4)|East|63.7057288774
(2, 4)|South|106.006718868
(2, 3)|East|178.158020513
(3, 3)|South|298.415667786
(3, 2)|South|499.000001166
(1, 5)|South|37.5358312738
(1, 4)|South|63.8435384895
(1, 3)|East|107.129826757
(2, 3)|South|178.153882555
(2, 2)|East|298.440352093
(3, 2)|South|499.000000933
(1, 5)|East|37.4182691024
(2, 5)|East|7.9868890541
(3, 5)|West|24.9479894788
(2, 5)|South|62.9459881224
(2, 4)|South|105.984337556
(2, 3)|East|178.136296545
(3, 3)|South|298.412534341
(3, 2)|South|499.000000746
(1, 5)|South|37.4898896378
(1, 4)|South|63.7597239628
(1, 3)|South|107.230219285
(1, 2)|South|179.173471775
(1, 1)|North|61.2264708018
(1, 2)|East|178.985952991
(2, 2)|South|298.439578901
(2, 1)|East|499.00004178
(1, 5)|South|37.4430785858
(1, 4)|South|63.6754054845
(1, 3)|South|107.084992041
(1, 2)|South|178.97270601
(1, 1)|East|298.572862277
(2, 1)|East|499.000033424
(1, 5)|South|37.3991503339
(1, 4)|East|63.4827036087
(2, 4)|South|105.965935952
(2, 3)|South|178.135948295
(2, 2)|East|298.432281764
(3, 2)|South|499.000000597
(1, 5)|East|37.2881338566
(2, 5)|South|62.8727028121
(2, 4)|South|105.949104347
(2, 3)|East|178.118541357
(3, 3)|South|298.410027544
(3, 2)|South|499.000000478
(1, 5)|South|37.3603689253
(1, 4)|South|63.5959035984
(1, 3)|East|106.880175201
(2, 3)|South|178.121508104
(2, 2)|South|298.431667132
(2, 1)|East|499.000026739
(1, 5)|South|37.319803572
(1, 4)|South|63.5269219237
(1, 3)|South|106.946307992
(1, 2)|East|178.800636204
(2, 2)|East|298.425825469
(3, 2)|South|499.000000382
(1, 5)|South|37.2790734885
(1, 4)|South|63.455094498
(1, 3)|South|106.833771115
(1, 2)|South|178.806908281
(1, 1)|East|298.538293031
(2, 1)|East|499.000021391
(1, 5)|East|37.1752314227
(2, 5)|South|62.8120547713
(2, 4)|South|105.93386445
(2, 3)|South|178.109006539
(2, 2)|South|298.425336273
(2, 1)|East|499.000017113
(1, 5)|South|37.2411832238
(1, 4)|East|63.2982266209
(2, 4)|South|105.921316523
(2, 3)|East|178.104036391
(3, 3)|South|298.408022081
(3, 2)|South|499.000000306
(1, 5)|South|37.2075579188
(1, 4)|South|63.3896966225
(1, 3)|East|106.677220946
(2, 3)|South|178.098304288
(2, 2)|East|298.420660412
(3, 2)|South|499.000000245
(1, 5)|South|37.1728099297
(1, 4)|South|63.3318098318
(1, 3)|South|106.723845886
(1, 2)|South|178.670121789
(1, 1)|East|298.510636478
(2, 1)|East|499.00001369
(1, 5)|East|37.0776317107
(2, 5)|South|62.7602017997
(2, 4)|South|105.909537585
(2, 3)|East|178.092191763
(3, 3)|South|298.406417694
(3, 2)|South|499.000000196
(1, 5)|South|37.1380651236
(1, 4)|South|63.2723093717
(1, 3)|South|106.635153053
(1, 2)|East|178.651549316
(2, 2)|South|298.420270661
(2, 1)|East|499.000010952
(1, 5)|South|37.1062392934
(1, 4)|East|63.147725807
(2, 4)|South|105.899426583
(2, 3)|South|178.08912268
(2, 2)|East|298.416528353
(3, 2)|South|499.000000157
(1, 5)|South|37.0776685593
(1, 4)|South|63.2191140108
(1, 3)|East|106.512839768
(2, 3)|East|178.082523533
(3, 3)|South|298.405134174
(3, 2)|South|499.000000125
(1, 5)|South|37.0484285288
(1, 4)|South|63.171509575
(1, 3)|South|106.548537057
(1, 2)|South|178.557373808
(1, 1)|East|298.488510497
(2, 1)|East|499.000008762
(1, 5)|East|36.9933295846
(2, 5)|South|62.7160926297
(2, 4)|South|105.890235988
(2, 3)|South|178.081730623
(2, 2)|South|298.41621758
(2, 1)|East|499.00000701
(1, 5)|South|37.019323972
(1, 4)|South|63.1230321069
(1, 3)|South|106.477015564
(1, 2)|East|178.531222855
(2, 2)|East|298.413222697
(3, 2)|South|499.0000001
(1, 5)|South|36.9931862744
(1, 4)|East|63.0250089641
(2, 4)|South|105.882091614
(2, 3)|East|178.074634928
(3, 3)|South|298.404107352
(3, 2)|South|499.00000008
(1, 5)|East|36.9205947832
(2, 5)|South|62.6787250974
(2, 4)|South|105.875480966
(2, 3)|South|178.075330608
(2, 2)|South|298.412974905
(2, 1)|West|409.551371625
(1, 1)|East|298.470809239
(2, 1)|East|499.000005608
(1, 5)|South|36.9693128724
(1, 4)|South|63.0799664576
(1, 3)|East|106.379311487
(2, 3)|South|178.06985121
(2, 2)|East|298.410578167
(3, 2)|South|499.000000064
(1, 5)|South|36.9450462728
(1, 4)|South|63.0412150337
(1, 3)|South|106.408497308
(1, 2)|South|178.462396155
(1, 1)|East|298.456648064
(2, 1)|East|499.000004486
(1, 5)|South|36.9209828223
(1, 4)|South|63.0019917039
(1, 3)|South|106.350544589
(1, 2)|East|178.434535273
(2, 2)|South|298.410380463
(2, 1)|East|499.000003589
(1, 5)|South|36.8997873335
(1, 4)|East|62.9250648872
(2, 4)|South|105.869340964
(2, 3)|East|178.068200824
(3, 3)|South|298.403285889
(3, 2)|South|499.000000051
(1, 5)|East|36.8579228383
(2, 5)|South|62.6473009937
(2, 4)|South|105.863854917
(2, 3)|South|178.065150348
(2, 2)|East|298.40846254
(3, 2)|South|499.000000041
(1, 5)|South|36.8800688713
(1, 4)|South|62.9671107416
(1, 3)|East|106.271633289
(2, 3)|East|178.062954966
(3, 3)|South|298.402628716
(3, 2)|South|499.000000033
(1, 5)|South|36.860108386
(1, 4)|South|62.935753944
(1, 3)|South|106.29592321
(1, 2)|South|178.384714692
(1, 1)|East|298.445318882
(2, 1)|East|499.000002871
(1, 5)|South|36.8403771821
(1, 4)|South|62.9041139403
(1, 3)|South|106.248882801
(1, 2)|East|178.356873874
(2, 2)|South|298.408304715
(2, 1)|East|499.000002297
(1, 5)|East|36.8040143898
(2, 5)|South|62.6215033849
(2, 4)|South|105.858901975
(2, 3)|South|178.061135783
(2, 2)|East|298.406770036
(3, 2)|South|499.000000026
(1, 5)|South|36.8233095321
(1, 4)|East|62.8431201467
(2, 4)|South|105.854676176
(2, 3)|East|178.058679419
(3, 3)|South|298.402102976
(3, 2)|South|499.000000021
(1, 5)|South|36.8071412986
(1, 4)|South|62.8758871469
(1, 3)|East|106.184642925
(2, 3)|West|135.166034437
(1, 3)|South|106.205272003
(1, 2)|South|178.321210019
(1, 1)|East|298.436255381
(2, 1)|East|499.000001838
(1, 5)|South|36.7908194965
(1, 4)|South|62.845342358
(1, 3)|South|106.167042468
(1, 2)|East|178.294495665
(2, 2)|South|298.406643992
(2, 1)|East|499.00000147
(1, 5)|East|36.7577919181
(2, 5)|West|4.21489833958
(1, 5)|South|36.7740966801
(1, 4)|South|62.8184310374
(1, 3)|East|106.115050634
(2, 3)|South|178.057721031
(2, 2)|East|298.405416031
(3, 2)|South|499.000000017
(1, 5)|South|36.7604517617
(1, 4)|East|62.7770572585
(2, 4)|South|105.850782471
(2, 3)|South|178.054974104
(2, 2)|South|298.40531537
(2, 1)|West|363.253447946
(1, 1)|East|298.429004481
(2, 1)|East|499.000001176
(1, 5)|South|36.7465731339
(1, 4)|South|62.794789926
(1, 3)|South|106.132179176
(1, 2)|South|178.268448553
(1, 1)|East|298.423203726
(2, 1)|East|499.000000941
(1, 5)|East|36.7208139406
(2, 5)|South|62.5992966044
(2, 4)|South|105.847667507
(2, 3)|East|178.055195892
(3, 3)|South|298.401682383
(3, 2)|South|499.000000013
(1, 5)|South|36.7326332982
(1, 4)|South|62.771693442
(1, 3)|North|92.0568203523
(1, 4)|East|62.7233659076
(2, 4)|South|105.844757513
(2, 3)|East|178.0523586
(3, 3)|South|298.401345908
(3, 2)|South|499.000000011
(1, 5)|South|36.7187098516
(1, 4)|South|62.7532162547
(1, 3)|South|106.101082821
(1, 2)|East|178.244246456
(2, 2)|East|298.404332826
(3, 2)|South|499.000000009
(1, 5)|East|36.688566745
(2, 5)|South|62.5808081851
(2, 4)|South|105.842402903
(2, 3)|South|178.052617127
(2, 2)|South|298.404252409
(2, 1)|East|499.000000753
(1, 5)|East|36.6605503782
(2, 5)|South|62.5657348964
(2, 4)|West|13.7108517674
(1, 4)|South|62.7363790799
(1, 3)|East|106.058354562
(2, 3)|South|178.050613641
(2, 2)|East|298.403466262
(3, 2)|South|499.000000007
(1, 5)|South|36.7033333709
(1, 4)|South|62.7212332024
(1, 3)|South|106.073080083
(1, 2)|South|178.22554329
(1, 1)|East|298.418563071
(2, 1)|East|499.000000602
(1, 5)|East|36.6363284902
(2, 5)|South|62.5536762654
(2, 4)|South|105.840205354
(2, 3)|East|178.050048389
(3, 3)|South|298.401076727
(3, 2)|South|499.000000006
(1, 5)|South|36.6894706056
(1, 4)|East|62.6795173686
(2, 4)|South|105.83823792
(2, 3)|South|178.049001202
(2, 2)|South|298.403401999
(2, 1)|East|499.000000482
(1, 5)|South|36.6781244688
(1, 4)|South|62.7057561719
(1, 3)|South|106.047773641
(1, 2)|East|178.203813116
(2, 2)|East|298.40277301
(3, 2)|South|499.000000004
(1, 5)|South|36.6671903157
(1, 4)|North|44.342580079
(1, 5)|South|36.6584429931
(1, 4)|South|62.691607485
(1, 3)|East|106.012689457
(2, 3)|East|178.048167918
(3, 3)|South|298.400861382
(3, 2)|South|499.000000004
(1, 5)|South|36.6497472927
(1, 4)|South|62.679018825
(1, 3)|South|106.025284108
(1, 2)|South|178.1906622
(1, 1)|East|298.414850515
(2, 1)|East|499.000000385
(1, 5)|South|36.6413399184
(1, 4)|East|62.6442024453
(2, 4)|South|105.83647048
(2, 3)|South|178.047609202
(2, 2)|South|298.402721646
(2, 1)|East|499.000000308
(1, 5)|South|36.6345541937
(1, 4)|South|62.6662491529
(1, 3)|South|106.00468486
(1, 2)|East|178.171383254
(2, 2)|East|298.402218409
(3, 2)|South|499.000000003
(1, 5)|East|36.615503944
(2, 5)|South|62.54331747
(2, 4)|South|105.834956534
(2, 3)|East|178.0466377
(3, 3)|South|298.400689106
(3, 2)|South|499.000000002
(1, 5)|South|36.6275932533
(1, 4)|South|62.6545220571
(1, 3)|East|105.975864669
(2, 3)|South|178.046413959
(2, 2)|South|298.402177354
(2, 1)|East|499.000000247
(1, 5)|South|36.6206172495
(1, 4)|South|62.6441798289
(1, 3)|South|105.986627352
(1, 2)|South|178.162311822
(1, 1)|East|298.411880441
(2, 1)|East|499.000000197
(1, 5)|South|36.613798093
(1, 4)|East|62.6155567404
(2, 4)|South|105.833561752
(2, 3)|East|178.045392853
(3, 3)|South|298.400551285
(3, 2)|South|499.000000002
(1, 5)|East|36.5976012516
(2, 5)|South|62.5346813862
(2, 4)|South|105.832419076
(2, 3)|South|178.045397376
(2, 2)|East|298.401774727
(3, 2)|South|499.000000001
(1, 5)|South|36.6083400539
(1, 4)|South|62.6337391454
(1, 3)|South|105.969867872
(1, 2)|East|178.145367886
(2, 2)|South|298.401741907
(2, 1)|East|499.000000158
(1, 5)|South|36.6027207406
(1, 4)|South|62.6240950766
(1, 3)|East|105.946139421
(2, 3)|South|178.044530868
(2, 2)|East|298.401419782
(3, 2)|South|499.000000001
(1, 5)|South|36.5970680016
(1, 4)|South|62.615660206
(1, 3)|South|105.955371716
(1, 2)|South|178.139275111
(1, 1)|East|298.409504372
(2, 1)|East|499.000000126
(1, 5)|East|36.5822427676
(2, 5)|South|62.5276353981
(2, 4)|South|105.831382403
(2, 3)|East|178.044380437
(3, 3)|South|298.400441028
(3, 2)|South|499.000000001
(1, 5)|South|36.591533626
(1, 4)|South|62.6071727707
(1, 3)|South|105.941741519
(1, 2)|East|178.124503337
(2, 2)|South|298.40139354
(2, 1)|East|499.000000101
(1, 5)|South|36.5870937097
(1, 4)|East|62.5922112807
(2, 4)|South|105.830449627
(2, 3)|South|178.043795068
(2, 2)|East|298.401135826
(3, 2)|South|499.000000001
(1, 5)|South|36.5825357002
(1, 4)|South|62.5992749471
(1, 3)|East|105.922237189
(2, 3)|East|178.043557273
(3, 3)|South|298.400352823
(3, 2)|South|499.000000001
(1, 5)|South|36.5779415538
(1, 4)|South|62.59242894
(1, 3)|South|105.930106229
(1, 2)|South|178.120560613
(1, 1)|East|298.40760351
(2, 1)|East|499.000000081
(1, 5)|East|36.5691104619
(2, 5)|South|62.5217622737
(2, 4)|South|105.82961511
(2, 3)|South|178.043203279
(2, 2)|South|298.401114842
(2, 1)|East|499.000000065
(1, 5)|South|36.5734447159
(1, 4)|South|62.5855558994
(1, 3)|South|105.919025383
(1, 2)|East|178.107738969
(2, 2)|East|298.400908661
(3, 2)|South|499.0
(1, 5)|South|36.5698211264
(1, 4)|East|62.5733228377
(2, 4)|South|105.828918961
(2, 3)|East|178.042888157
(3, 3)|South|298.400282258
(3, 2)|South|499.0
(1, 5)|South|36.566123609
(1, 4)|South|62.5791131822
(1, 3)|East|105.902974145
(2, 3)|South|178.042696405
(2, 2)|South|298.400891881
(2, 1)|East|499.000000052
(1, 5)|East|36.5578998423
(2, 5)|South|62.5168800942
(2, 4)|South|105.828281747
(2, 3)|East|178.042344397
(3, 3)|South|298.400225807
(3, 2)|South|499.0
(1, 5)|South|36.5623924691
(1, 4)|East|62.5580520799
(2, 4)|South|105.827748966
(2, 3)|South|178.042266163
(2, 2)|East|298.400726929
(3, 2)|South|499.0
(1, 5)|South|36.5594075571
(1, 4)|South|62.5735735918
(1, 3)|South|105.90968758
(1, 2)|South|178.105360912
(1, 1)|East|298.406082814
(2, 1)|East|499.000000041
(1, 5)|South|36.5563548767
(1, 4)|South|62.5680213831
(1, 3)|South|105.900678741
(1, 2)|East|178.094298201
(2, 2)|South|298.40071351
(2, 1)|East|499.000000033
(1, 5)|East|36.5483454852
(2, 5)|South|62.5128339514
(2, 4)|South|105.827280501
(2, 3)|East|178.041902614
(3, 3)|South|298.400180645
(3, 2)|South|499.0
(1, 5)|South|36.5532464674
(1, 4)|South|62.5627740038
(1, 3)|East|105.887451255
(2, 3)|South|178.041900162
(2, 2)|East|298.400581543
(3, 2)|West|431.235520984
(2, 2)|South|298.400570812
(2, 1)|East|499.000000026
(1, 5)|South|36.5501300543
(1, 4)|East|62.545715324
(2, 4)|West|18.2762142944
(1, 4)|South|62.5583006519
(1, 3)|South|105.893186302
(1, 2)|South|178.093018667
(1, 1)|East|298.404866254
(2, 1)|East|499.000000021
(1, 5)|South|36.5471001217
(1, 4)|South|62.5538228778
(1, 3)|South|105.885864826
(1, 2)|East|178.083508346
(2, 2)|East|298.400465234
(3, 2)|South|499.0
(1, 5)|East|36.5402164623
(2, 5)|South|62.5095408212
(2, 4)|South|105.826852714
(2, 3)|East|178.041543769
(3, 3)|South|298.400144516
(3, 2)|South|499.0
(1, 5)|South|36.5441388427
(1, 4)|South|62.5495524528
(1, 3)|East|105.874989024
(2, 3)|South|178.041588627
(2, 2)|South|298.400456652
(2, 1)|East|499.000000017
(1, 5)|South|36.5412573685
(1, 4)|South|62.5459457413
(1, 3)|South|105.8798541
(1, 2)|South|178.082998884
(1, 1)|East|298.403893006
(2, 1)|East|499.000000014
(1, 5)|South|36.5385193838
(1, 4)|South|62.5423390851
(1, 3)|South|105.873904282
(1, 2)|East|178.074862505
(2, 2)|East|298.400372187
(3, 2)|South|499.0
(1, 5)|East|36.5333180684
(2, 5)|South|62.5068549826
(2, 4)|South|105.826472807
(2, 3)|South|178.0413257
(2, 2)|South|298.400365323
(2, 1)|West|326.211225517
(1, 1)|East|298.403114406
(2, 1)|East|499.000000011
(1, 5)|South|36.5363013459
(1, 4)|East|62.535748996
(2, 4)|North|-174.403319859
(2, 5)|South|62.5046607229
(2, 4)|South|105.826163498
(2, 3)|East|178.041252357
(3, 3)|South|298.400115613
(3, 2)|South|499.0
(1, 5)|South|36.5341217669
(1, 4)|South|62.538869951
(1, 3)|East|105.864950303
(2, 3)|South|178.041105222
(2, 2)|East|298.40029775
(3, 2)|South|499.0
(1, 5)|South|36.5319618077
(1, 4)|South|62.5359644746
(1, 3)|South|105.869083292
(1, 2)|South|178.074772836
(1, 1)|East|298.402491526
(2, 1)|East|499.000000009
(1, 5)|East|36.5272137415
(2, 5)|South|62.502868198
(2, 4)|South|105.825881081
(2, 3)|East|178.041015759
(3, 3)|South|298.40009249
(3, 2)|North|331.548348483
(3, 3)|South|298.400073992
(3, 2)|South|499.0
(1, 5)|South|36.5298851831
(1, 4)|South|62.5330615747
(1, 3)|South|105.864250134
(1, 2)|East|178.067933843
(2, 2)|South|298.40029226
(2, 1)|East|499.000000007
(1, 5)|South|36.528198026
(1, 4)|East|62.5277049265
(2, 4)|South|105.825637491
(2, 3)|South|178.040919908
(2, 2)|East|298.4002382
(3, 2)|South|499.0
(1, 5)|South|36.5265258097
(1, 4)|South|62.5302432961
(1, 3)|East|105.856882133
(2, 3)|East|178.040821486
(3, 3)|South|298.400059194
(3, 2)|South|499.0
(1, 5)|East|36.5221151769
(2, 5)|South|62.5013710574
(2, 4)|East|-118.846294269
(3, 4)|South|229.548923334
(3, 3)|South|298.400047355
(3, 2)|South|499.0
(1, 5)|South|36.5248498433
(1, 4)|South|62.5279046529
(1, 3)|South|105.860372847
(1, 2)|South|178.068117252
(1, 1)|East|298.401993222
(2, 1)|East|499.000000006
(1, 5)|South|36.523228433
(1, 4)|South|62.525568464
(1, 3)|South|105.856472348
(1, 2)|South|178.062732988
(1, 1)|East|298.401594578
(2, 1)|East|499.000000004
(1, 5)|South|36.5219073376
(1, 4)|East|62.5212404401
(2, 4)|South|105.825420382
(2, 3)|South|178.040770997
(2, 2)|South|298.400233808
(2, 1)|East|499.000000004
(1, 5)|East|36.5178566684
(2, 5)|South|62.5001472917
(2, 4)|South|105.825234884
(2, 3)|East|178.040662872
(3, 3)|South|298.400037884
(3, 2)|South|499.0
(1, 5)|South|36.5205940858
(1, 4)|South|62.5232806272
(1, 3)|East|105.850398226
(2, 3)|South|178.040645382
(2, 2)|East|298.40019056
(3, 2)|South|499.0
(1, 5)|South|36.5192689439
(1, 4)|South|62.5214011836
(1, 3)|South|105.85332994
(1, 2)|East|178.062375131
(2, 2)|South|298.400187047
(2, 1)|East|499.000000003
(1, 5)|South|36.5179832971
(1, 4)|South|62.5195205396
(1, 3)|South|105.85019191
(1, 2)|South|178.05837774
(1, 1)|East|298.401275663
(2, 1)|East|499.000000002
(1, 5)|South|36.5169354905
(1, 4)|East|62.5160205382
(2, 4)|West|21.9233139002
(1, 4)|South|62.5176642189
(1, 3)|East|105.845198126
(2, 3)|East|178.040534843
(3, 3)|South|298.400030307
(3, 2)|South|499.0
(1, 5)|East|36.5143030097
(2, 5)|South|62.4991460195
(2, 4)|South|105.825065353
(2, 3)|South|178.040539173
(2, 2)|East|298.400152448
(3, 2)|South|499.0
(1, 5)|South|36.5156680987
(1, 4)|South|62.5161544043
(1, 3)|South|105.847638544
(1, 2)|East|178.057922551
(2, 2)|South|298.400149638
(2, 1)|East|499.000000002
(1, 5)|South|36.5144730075
(1, 4)|South|62.5146401487
(1, 3)|South|105.845116164
(1, 2)|South|178.054855271
(1, 1)|East|298.40102053
(2, 1)|East|499.000000001
(1, 5)|South|36.5135008706
(1, 4)|East|62.5118242729
(2, 4)|South|105.824916983
(2, 3)|South|178.040449632
(2, 2)|East|298.400121958
(3, 2)|South|499.0
(1, 5)|East|36.5113399301
(2, 5)|South|62.4983068536
(2, 4)|South|105.824797768
(2, 3)|East|178.040431512
(3, 3)|South|298.400024246
(3, 2)|South|499.0
(1, 5)|South|36.5125575143
(1, 4)|South|62.5131358941
(1, 3)|East|105.841012456
(2, 3)|South|178.040377662
(2, 2)|South|298.400119711
(2, 1)|East|499.000000001
(1, 5)|South|36.5116223187
(1, 4)|South|62.5119226549
(1, 3)|South|105.843043637
(1, 2)|East|178.054352675
(2, 2)|East|298.400097567
(3, 2)|South|499.0
(1, 5)|South|36.5107285736
(1, 4)|South|62.5107033604
(1, 3)|South|105.841017542
(1, 2)|South|178.052006681
(1, 1)|East|298.400816425
(2, 1)|East|499.000000001
(1, 5)|East|36.5088687665
(2, 5)|South|62.497621215
(2, 4)|South|105.824689996
(2, 3)|East|178.040348119
(3, 3)|South|298.400019397
(3, 2)|South|499.0
(1, 5)|South|36.5100017716
(1, 4)|East|62.5084222178
(2, 4)|South|105.824597316
(2, 3)|South|178.040316495
(2, 2)|South|298.400095769
(2, 1)|East|499.000000001
(1, 5)|South|36.5092858205
(1, 4)|South|62.5094847934
(1, 3)|South|105.839336355
(1, 2)|East|178.051493848
(2, 2)|East|298.400078053
(3, 2)|South|499.0
(1, 5)|South|36.5085668316
(1, 4)|South|62.5085093295
(1, 3)|East|105.837651739
(2, 3)|East|178.040280823
(3, 3)|East|-6.624123122
(4, 3)|West|321.009925286
(3, 3)|South|298.400015517
(3, 2)|South|499.0
(1, 5)|East|36.506809559
(2, 5)|South|62.4970486499
(2, 4)|South|105.824515832
(2, 3)|South|178.040264688
(2, 2)|South|298.400076615
(2, 1)|East|499.000000001
(1, 5)|South|36.5078745849
(1, 4)|South|62.5075278262
(1, 3)|South|105.837709886
(1, 2)|South|178.049703316
(1, 1)|East|298.40065314
(2, 1)|East|499.0
(1, 5)|South|36.507310334
(1, 4)|East|62.5056796741
(2, 4)|South|105.824446364
(2, 3)|East|178.04022652
(3, 3)|South|298.400012414
(3, 2)|South|499.0
(1, 5)|South|36.5067516064
(1, 4)|South|62.5065474472
(1, 3)|South|105.83634717
(1, 2)|East|178.049204445
(2, 2)|East|298.400062443
(3, 2)|South|499.0
(1, 5)|East|36.5050934852
(2, 5)|South|62.4965724836
(2, 4)|South|105.824388854
(2, 3)|South|178.040220944
(2, 2)|South|298.400061292
(2, 1)|East|499.0
(1, 5)|South|36.5061869788
(1, 4)|South|62.5057561665
(1, 3)|East|105.834948574
(2, 3)|East|178.040182706
(3, 3)|South|298.400009931
(3, 2)|South|499.0
(1, 5)|South|36.505640323
(1, 4)|South|62.5049665937
(1, 3)|South|105.835042134
(1, 2)|South|178.047841029
(1, 1)|East|298.400522512
(2, 1)|East|499.0
(1, 5)|South|36.5051938193
(1, 4)|East|62.5034704018
(2, 4)|South|105.824337597
(2, 3)|South|178.040184249
(2, 2)|East|298.400049954
(3, 2)|South|499.0
(1, 5)|South|36.5047510467
(1, 4)|South|62.504178331
(1, 3)|South|105.833938241
(1, 2)|East|178.047370911
(2, 2)|South|298.400049034
(2, 1)|East|499.0
(1, 5)|East|36.5036634862
(2, 5)|South|62.4961784985
(2, 4)|South|105.824292187
(2, 3)|South|178.040153393
(2, 2)|East|298.400039963
(3, 2)|South|499.0
(1, 5)|South|36.5043022371
(1, 4)|South|62.5035364937
(1, 3)|East|105.832780784
(2, 3)|East|178.040147356
(3, 3)|South|298.400007945
(3, 2)|South|499.0
(1, 5)|South|36.5038661689
(1, 4)|South|62.5029017838
(1, 3)|South|105.832891516
(1, 2)|South|178.046335525
(1, 1)|East|298.400418009
(2, 1)|East|499.0
(1, 5)|South|36.5035093833
(1, 4)|East|62.5016913839
(2, 4)|South|105.824252157
(2, 3)|South|178.040128599
(2, 2)|South|298.400039227
(2, 1)|East|499.0
(1, 5)|East|36.5024722088
(2, 5)|South|62.4958530576
(2, 4)|South|105.824219408
(2, 3)|East|178.040118838
(3, 3)|South|298.400006356
(3, 2)|South|499.0
(1, 5)|South|36.5031557207
(1, 4)|South|62.502268409
(1, 3)|South|105.831997722
(1, 2)|East|178.045901524
(2, 2)|East|298.400031971
(3, 2)|South|499.0
(1, 5)|South|36.5027967857
(1, 4)|South|62.5017484213
(1, 3)|East|105.831040059
(2, 3)|South|178.040107586
(2, 2)|South|298.400031382
(2, 1)|East|499.0
(1, 5)|South|36.5024472391
(1, 4)|North|39.6543607282
(1, 5)|East|36.5014801339
(2, 5)|South|62.4955887751
(2, 4)|South|105.824189787
(2, 3)|East|178.040095833
(3, 3)|South|298.400005085
(3, 2)|South|499.0
(1, 5)|South|36.5021676018
(1, 4)|South|62.5012384637
(1, 3)|South|105.831158441
(1, 2)|South|178.045118581
(1, 1)|East|298.400334408
(2, 1)|East|499.0
(1, 5)|South|36.5019370475
(1, 4)|East|62.5002558816
(2, 4)|South|105.82416474
(2, 3)|South|178.040089905
(2, 2)|East|298.400025577
(3, 2)|South|499.0
(1, 5)|East|36.5006547602
(2, 5)|South|62.4953707889
(2, 4)|South|105.824143292
(2, 3)|East|178.040077277
(3, 3)|South|298.400004068
(3, 2)|South|499.0
(1, 5)|South|36.5016982537
(1, 4)|South|62.5007297838
(1, 3)|South|105.830434936
(1, 2)|East|178.044724985
(2, 2)|South|298.400025105
(2, 1)|East|499.0
(1, 5)|South|36.501446177
(1, 4)|South|62.5003086341
(1, 3)|East|105.829642836
(2, 3)|South|178.040074994
(2, 2)|East|298.400020461
(3, 2)|South|499.0
(1, 5)|South|36.5011939777
(1, 4)|South|62.4998990996
(1, 3)|South|105.829762178
(1, 2)|South|178.044134994
(1, 1)|East|298.400267526
(2, 1)|East|499.0
(1, 5)|South|36.5009858879
(1, 4)|East|62.4991019003
(2, 4)|South|105.824123907
(2, 3)|East|178.04006231
(3, 3)|South|298.400003254
(3, 2)|South|499.0
(1, 5)|South|36.5007766023
(1, 4)|South|62.499490741
(1, 3)|South|105.829176741
(1, 2)|East|178.043783001
(2, 2)|South|298.400020084
(2, 1)|East|499.0
(1, 5)|South|36.5005601708
(1, 4)|South|62.4991497331
(1, 3)|East|105.828523268
(2, 3)|South|178.04006245
(2, 2)|East|298.400016369
(3, 2)|South|499.0
(1, 5)|East|36.4999683028
(2, 5)|South|62.4951915
(2, 4)|South|105.82410662
(2, 3)|South|178.04005237
(2, 2)|South|298.400016067
(2, 1)|East|499.0
(1, 5)|South|36.5003461046
(1, 4)|South|62.4988209954
(1, 3)|South|105.828637592
(1, 2)|South|178.043340098
(1, 1)|East|298.400214021
(2, 1)|East|499.0
(1, 5)|South|36.5001691117
(1, 4)|East|62.4981743146
(2, 4)|South|105.824092773
(2, 3)|East|178.040050238
(3, 3)|South|298.400002603
(3, 2)|South|499.0
(1, 5)|South|36.4999938088
(1, 4)|South|62.4984933073
(1, 3)|South|105.828164034
(1, 2)|East|178.043028365
(2, 2)|East|298.400013095
(3, 2)|South|499.0
(1, 5)|South|36.4998142439
(1, 4)|South|62.498217438
(1, 3)|East|105.827624899
(2, 3)|South|178.040043824
(2, 2)|South|298.400012854
(2, 1)|East|499.0
(1, 5)|East|36.4993976222
(2, 5)|South|62.4950443327
(2, 4)|South|105.824080247
(2, 3)|East|178.040040503
(3, 3)|South|298.400002083
(3, 2)|South|499.0
(1, 5)|South|36.4996374877
(1, 4)|South|62.4979536344
(1, 3)|South|105.827732039
(1, 2)|South|178.042697761
(1, 1)|East|298.400171217
(2, 1)|East|499.0
(1, 5)|South|36.4994909079
(1, 4)|East|62.4974290813
(2, 4)|South|105.824069456
(2, 3)|South|178.040036631
(2, 2)|East|298.400010476
(3, 2)|South|499.0
(1, 5)|South|36.4993471625
(1, 4)|South|62.4976907522
(1, 3)|South|105.827349035
(1, 2)|East|178.042424234
(2, 2)|South|298.400010283
(2, 1)|East|499.0
(1, 5)|East|36.4989234177
(2, 5)|South|62.4949238009
(2, 4)|South|105.824060425
(2, 3)|East|178.040032652
(3, 3)|South|298.400001666
(3, 2)|South|499.0
(1, 5)|South|36.4992006202
(1, 4)|South|62.4974675896
(1, 3)|East|105.826904315
(2, 3)|South|178.040030562
(2, 2)|East|298.400008381
(3, 2)|South|499.0
(1, 5)|South|36.4990566069
(1, 4)|South|62.4972559558
(1, 3)|South|105.827002959
(1, 2)|South|178.042178755
(1, 1)|East|298.400136973
(2, 1)|East|499.0
(1, 5)|South|36.4989367753
(1, 4)|East|62.4968305161
(2, 4)|South|105.824052259
(2, 3)|East|178.040026322
(3, 3)|South|298.400001333
(3, 2)|East|410.61755266
(4, 2)|West|434.904512071
(3, 2)|South|499.0
(1, 5)|South|36.4988201349
(1, 4)|South|62.4970451198
(1, 3)|South|105.826693275
(1, 2)|East|178.041940622
(2, 2)|South|298.400008227
(2, 1)|East|499.0
(1, 5)|East|36.4985295903
(2, 5)|South|62.4948253118
(2, 4)|South|105.824045474
(2, 3)|South|178.040025455
(2, 2)|East|298.400006705
(3, 2)|South|499.0
(1, 5)|South|36.4987015223
(1, 4)|South|62.4968646136
(1, 3)|East|105.82632661
(2, 3)|East|178.040021217
(3, 3)|South|298.400001066
(3, 2)|South|499.0
(1, 5)|South|36.4985849715
(1, 4)|South|62.4966948839
(1, 3)|South|105.826416071
(1, 2)|South|178.041759441
(1, 1)|East|298.400109579
(2, 1)|West|296.576993563
(1, 1)|East|298.400087663
(2, 1)|East|499.0
(1, 5)|East|36.4982027096
(2, 5)|South|62.4947457063
(2, 4)|South|105.824039434
(2, 3)|South|178.040021351
(2, 2)|South|298.400006581
(2, 1)|East|499.0
(1, 5)|South|36.4984876391
(1, 4)|East|62.496349145
(2, 4)|South|105.824034109
(2, 3)|South|178.040017886
(2, 2)|East|298.400005364
(3, 2)|South|499.0
(1, 5)|South|36.4983934974
(1, 4)|South|62.4965258356
(1, 3)|South|105.826165731
(1, 2)|East|178.041553287
(2, 2)|South|298.400005265
(2, 1)|East|499.0
(1, 5)|South|36.4982978982
(1, 4)|South|62.4963798618
(1, 3)|East|105.825863834
(2, 3)|East|178.040017102
(3, 3)|South|298.400000853
(3, 2)|South|499.0
(1, 5)|South|36.4982039019
(1, 4)|South|62.4962437772
(1, 3)|South|105.825943718
(1, 2)|South|178.041418072
(1, 1)|East|298.40007013
(2, 1)|East|499.0
(1, 5)|South|36.498125019
(1, 4)|East|62.4959634091
(2, 4)|South|105.824029434
(2, 3)|South|178.040014952
(2, 2)|East|298.400004291
(3, 2)|South|499.0
(1, 5)|East|36.4979316525
(2, 5)|South|62.4946800971
(2, 4)|South|105.824025599
(2, 3)|East|178.040013784
(3, 3)|South|298.400000682
(3, 2)|South|499.0
(1, 5)|South|36.4980492684
(1, 4)|South|62.4961082679
(1, 3)|South|105.825741369
(1, 2)|East|178.041243261
(2, 2)|South|298.400004212
(2, 1)|East|499.0
(1, 5)|South|36.4979724069
(1, 4)|South|62.4959902744
(1, 3)|East|105.825492862
(2, 3)|South|178.040012477
(2, 2)|East|298.400003433
(3, 2)|North|300.846678868
(3, 3)|South|298.400000546
(3, 2)|South|499.0
(1, 5)|South|36.4978967584
(1, 4)|South|62.4958811838
(1, 3)|South|105.825563264
(1, 2)|South|178.041142873
(1, 1)|East|298.400056104
(2, 1)|East|499.0
(1, 5)|East|36.4977069336
(2, 5)|South|62.4946271496
(2, 4)|South|105.824022133
(2, 3)|East|178.040011093
(3, 3)|South|298.400000437
(3, 2)|South|499.0
(1, 5)|South|36.4978330158
(1, 4)|East|62.4956533833
(2, 4)|South|105.824019204
(2, 3)|South|178.040010487
(2, 2)|South|298.40000337
(2, 1)|East|499.0
(1, 5)|South|36.4977721547
(1, 4)|South|62.4957725387
(1, 3)|South|105.825399802
(1, 2)|East|178.040995021
(2, 2)|East|298.400002746
(3, 2)|South|499.0
(1, 5)|South|36.4977104284
(1, 4)|South|62.4956771744
(1, 3)|East|105.825195621
(2, 3)|East|178.040008927
(3, 3)|South|298.400000349
(3, 2)|South|499.0
(1, 5)|South|36.4976496037
(1, 4)|South|62.4955897158
(1, 3)|South|105.825256987
(1, 2)|South|178.040921031
(1, 1)|East|298.400044883
(2, 1)|East|499.0
(1, 5)|East|36.4975208049
(2, 5)|South|62.4945840242
(2, 4)|South|105.824016622
(2, 3)|South|178.040008794
(2, 2)|South|298.400002696
(2, 1)|East|499.0
(1, 5)|South|36.4975980889
(1, 4)|East|62.4954047012
(2, 4)|South|105.824014368
(2, 3)|East|178.040007183
(3, 3)|South|298.40000028
(3, 2)|South|499.0
(1, 5)|South|36.497549237
(1, 4)|South|62.495502611
(1, 3)|South|105.825124992
(1, 2)|East|178.040796346
(2, 2)|East|298.400002197
(3, 2)|South|499.0
(1, 5)|South|36.4974997029
(1, 4)|South|62.4954255633
(1, 3)|East|105.824957552
(2, 3)|South|178.040007358
(2, 2)|South|298.400002157
(2, 1)|East|499.0
(1, 5)|East|36.4973667268
(2, 5)|South|62.4945489436
(2, 4)|South|105.824012378
(2, 3)|South|178.04000615
(2, 2)|East|298.400001758
(3, 2)|North|276.285343128
(3, 3)|South|298.400000224
(3, 2)|South|499.0
(1, 5)|South|36.4974508299
(1, 4)|South|62.4953554496
(1, 3)|South|105.825010517
(1, 2)|South|178.040742211
(1, 1)|East|298.400035907
(2, 1)|East|499.0
(1, 5)|South|36.4974092281
(1, 4)|East|62.4952052463
(2, 4)|South|105.824010764
(2, 3)|East|178.040005773
(3, 3)|South|298.400000179
(3, 2)|South|499.0
(1, 5)|South|36.4973700364
(1, 4)|South|62.4952856218
(1, 3)|South|105.824903975
(1, 2)|East|178.040637336
(2, 2)|South|298.400001725
(2, 1)|East|499.0
(1, 5)|South|36.4973303038
(1, 4)|South|62.4952234036
(1, 3)|East|105.824766779
(2, 3)|South|178.040005131
(2, 2)|East|298.400001406
(3, 2)|South|499.0
(1, 5)|East|36.4972392547
(2, 5)|South|62.4945204466
(2, 4)|South|105.824009304
(2, 3)|East|178.04000464
(3, 3)|South|298.400000143
(3, 2)|South|499.0
(1, 5)|South|36.4972910514
(1, 4)|South|62.4951671999
(1, 3)|South|105.824812246
(1, 2)|South|178.040598078
(1, 1)|East|298.400028725
(2, 1)|East|499.0
(1, 5)|South|36.4972574707
(1, 4)|East|62.4950453136
(2, 4)|South|105.824008059
(2, 3)|South|178.040004312
(2, 2)|South|298.40000138
(2, 1)|East|499.0
(1, 5)|South|36.4972260406
(1, 4)|South|62.4951112294
(1, 3)|South|105.824726277
(1, 2)|East|178.040510037
(2, 2)|East|298.400001125
(3, 2)|South|499.0
(1, 5)|East|36.4971338573
(2, 5)|South|62.4944973243
(2, 4)|South|105.824007004
(2, 3)|East|178.040003729
(3, 3)|South|298.400000114
(3, 2)|South|499.0
(1, 5)|South|36.49719418
(1, 4)|South|62.4950609971
(1, 3)|East|105.824613941
(2, 3)|South|178.040003615
(2, 2)|South|298.400001104
(2, 1)|East|499.0
(1, 5)|South|36.4971626636
(1, 4)|South|62.4950159509
(1, 3)|South|105.824652791
(1, 2)|South|178.040481909
(1, 1)|East|298.40002298
(2, 1)|East|499.0
(1, 5)|South|36.4971355685
(1, 4)|East|62.4949170913
(2, 4)|South|105.824006051
(2, 3)|East|178.040002997
(3, 3)|South|298.400000092
(3, 2)|South|499.0
(1, 5)|South|36.4971103689
(1, 4)|South|62.4949710956
(1, 3)|South|105.824583437
(1, 2)|East|178.040408165
(2, 2)|North|234.288528384
(2, 3)|South|178.040003027
(2, 2)|East|298.4000009
(3, 2)|South|499.0
(1, 5)|East|36.4970467648
(2, 5)|South|62.4944785856
(2, 4)|South|105.824005204
(2, 3)|South|178.040002554
(2, 2)|South|298.400000883
(2, 1)|East|499.0
(1, 5)|South|36.4970848266
(1, 4)|South|62.4949305494
(1, 3)|East|105.824491512
(2, 3)|East|178.040002409
(3, 3)|South|298.400000073
(3, 2)|South|499.0
(1, 5)|South|36.4970595272
(1, 4)|South|62.4948944519
(1, 3)|South|105.824524579
(1, 2)|South|178.040388285
(1, 1)|East|298.400018384
(2, 1)|East|499.0
(1, 5)|South|36.4970376727
(1, 4)|East|62.4948142975
(2, 4)|South|105.82400447
(2, 3)|South|178.040002151
(2, 2)|East|298.40000072
(3, 2)|South|499.0
(1, 5)|East|36.4969748421
(2, 5)|South|62.4944634048
(2, 4)|South|105.824003865
(2, 3)|East|178.040001936
(3, 3)|South|298.400000059
(3, 2)|South|499.0
(1, 5)|South|36.4970174724
(1, 4)|South|62.494858511
(1, 3)|South|105.824468643
(1, 2)|East|178.040326638
(2, 2)|South|298.400000707
(2, 1)|East|499.0
(1, 5)|South|36.4969969993
(1, 4)|South|62.4948257903
(1, 3)|North|80.9448353767
(1, 4)|South|62.4947996137
(1, 3)|East|105.824393468
(2, 3)|South|178.040001807
(2, 2)|East|298.400000576
(3, 2)|South|499.0
(1, 5)|South|36.4969753151
(1, 4)|East|62.4947319018
(2, 4)|South|105.824003324
(2, 3)|East|178.040001556
(3, 3)|South|298.400000047
(3, 2)|South|499.0
(1, 5)|South|36.4969562057
(1, 4)|East|62.4946659203
(2, 4)|South|105.824002876
(2, 3)|South|178.040001531
(2, 2)|South|298.400000565
(2, 1)|East|499.0
(1, 5)|East|36.4969154822
(2, 5)|South|62.494451069
(2, 4)|South|105.824002488
(2, 3)|East|178.04000125
(3, 3)|South|298.400000038
(3, 2)|South|499.0
(1, 5)|South|36.4969409182
(1, 4)|South|62.4947759281
(1, 3)|South|105.824421508
(1, 2)|South|178.040312834
(1, 1)|East|298.400014707
(2, 1)|East|499.0
(1, 5)|South|36.496925846
(1, 4)|South|62.4947513235
(1, 3)|South|105.824376403
(1, 2)|East|178.040261379
(2, 2)|East|298.400000461
(3, 2)|South|499.0
(1, 5)|South|36.4969108356
(1, 4)|South|62.494728275
(1, 3)|East|105.824314958
(2, 3)|South|178.040001292
(2, 2)|South|298.400000452
(2, 1)|East|499.0
(1, 5)|East|36.4968665141
(2, 5)|South|62.4944411537
(2, 4)|South|105.824002145
(2, 3)|South|178.040001089
(2, 2)|East|298.400000369
(3, 2)|South|499.0
(1, 5)|South|36.4968960615
(1, 4)|South|62.4947077884
(1, 3)|South|105.824338663
(1, 2)|South|178.040252032
(1, 1)|East|298.400011766
(2, 1)|East|499.0
(1, 5)|South|36.4968817838
(1, 4)|South|62.4946868702
(1, 3)|South|105.824302296
(1, 2)|East|178.040209158
(2, 2)|South|298.400000362
(2, 1)|East|499.0
(1, 5)|South|36.4968678515
(1, 4)|South|62.4946672912
(1, 3)|East|105.824252117
(2, 3)|East|178.040001005
(3, 3)|South|298.40000003
(3, 2)|South|499.0
(1, 5)|South|36.4968543561
(1, 4)|South|62.4946501084
(1, 3)|South|105.82427208
(1, 2)|South|178.040203038
(1, 1)|East|298.400009413
(2, 1)|East|499.0
(1, 5)|East|36.4968261497
(2, 5)|South|62.4944331804
(2, 4)|South|105.824001847
(2, 3)|South|178.040000916
(2, 2)|East|298.400000295
(3, 2)|South|499.0
(1, 5)|South|36.4968433953
(1, 4)|East|62.4946129579
(2, 4)|South|105.824001598
(2, 3)|East|178.040000807
(3, 3)|South|298.400000024
(3, 2)|South|499.0
(1, 5)|South|36.4968327293
(1, 4)|South|62.4946327364
(1, 3)|South|105.824242763
(1, 2)|East|178.04016737
(2, 2)|South|298.400000289
(2, 1)|East|499.0
(1, 5)|South|36.4968221118
(1, 4)|South|62.4946164431
(1, 3)|East|105.824201803
(2, 3)|South|178.040000768
(2, 2)|East|298.400000236
(3, 2)|South|499.0
(1, 5)|East|36.4967929014
(2, 5)|South|62.4944267361
(2, 4)|East|-67.7311646154
(3, 4)|South|219.24713867
(3, 3)|South|298.400000019
(3, 2)|South|499.0
(1, 5)|South|36.4968116626
(1, 4)|South|62.4946022861
(1, 3)|South|105.824218575
(1, 2)|South|178.04016356
(1, 1)|East|298.40000753
(2, 1)|East|499.0
(1, 5)|South|36.496802885
(1, 4)|East|62.4945705581
(2, 4)|South|105.824001375
(2, 3)|East|178.040000648
(3, 3)|South|298.400000015
(3, 2)|South|499.0
(1, 5)|South|36.4967945823
(1, 4)|South|62.4945880579
(1, 3)|South|105.824194944
(1, 2)|East|178.04013393
(2, 2)|South|298.400000232
(2, 1)|East|499.0
(1, 5)|South|36.4967862328
(1, 4)|South|62.4945746627
(1, 3)|East|105.824161535
(2, 3)|South|178.040000643
(2, 2)|East|298.400000189
(3, 2)|South|499.0
(1, 5)|East|36.4967655295
(2, 5)|South|62.4944215539
(2, 4)|South|105.824001178
(2, 3)|East|178.04000052
(3, 3)|South|298.400000012
(3, 2)|South|499.0
(1, 5)|South|36.4967779458
(1, 4)|South|62.4945631235
(1, 3)|South|105.824175583
(1, 2)|South|178.040131751
(1, 1)|East|298.400006024
(2, 1)|East|499.0
(1, 5)|South|36.4967708236
(1, 4)|East|62.4945365878
(2, 4)|South|105.82400102
(2, 3)|South|178.040000542
(2, 2)|South|298.400000185
(2, 1)|East|499.0
(1, 5)|South|36.4967642337
(1, 4)|South|62.4945515687
(1, 3)|South|105.824156538
(1, 2)|East|178.040107167
(2, 2)|East|298.400000151
(3, 2)|South|499.0
(1, 5)|East|36.49674301
(2, 5)|South|62.4944173655
(2, 4)|South|105.824000881
(2, 3)|South|178.040000456
(2, 2)|West|235.767471742
(1, 2)|South|178.040106124
(1, 1)|East|298.400004819
(2, 1)|East|499.0
(1, 5)|South|36.4967575752
(1, 4)|South|62.4945406391
(1, 3)|East|105.82412929
(2, 3)|East|178.040000418
(3, 3)|South|298.40000001
(3, 2)|South|499.0
(1, 5)|South|36.4967509369
(1, 4)|South|62.4945312958
(1, 3)|South|105.82413809
(1, 2)|East|178.040085756
(2, 2)|South|298.400000148
(2, 1)|East|499.0
(1, 5)|South|36.49674514
(1, 4)|East|62.4945093759
(2, 4)|South|105.824000759
(2, 3)|South|178.040000383
(2, 2)|East|298.400000121
(3, 2)|South|499.0
(1, 5)|South|36.4967398675
(1, 4)|South|62.4945216075
(1, 3)|South|105.824123207
(1, 2)|South|178.040085477
(1, 1)|East|298.400003855
(2, 1)|North|272.749348474
(2, 2)|South|298.400000119
(2, 1)|East|499.0
(1, 5)|East|36.4967244919
(2, 5)|South|62.4944139835
(2, 4)|East|-28.0752750519
(3, 4)|South|211.005710937
(3, 3)|South|298.400000008
(3, 2)|South|499.0
(1, 5)|South|36.4967344869
(1, 4)|South|62.4945128008
(1, 3)|East|105.824103482
(2, 3)|East|178.040000335
(3, 3)|South|298.400000006
(3, 2)|South|499.0
(1, 5)|South|36.4967291256
(1, 4)|South|62.4945050255
(1, 3)|South|105.824108856
(1, 2)|East|178.040068619
(2, 2)|East|298.400000097
(3, 2)|South|499.0
(1, 5)|South|36.4967244256
(1, 4)|East|62.4944875919
(2, 4)|South|105.824000653
(2, 3)|South|178.04000032
(2, 2)|South|298.400000095
(2, 1)|East|499.0
(1, 5)|East|36.4967092715
(2, 5)|South|62.4944112652
(2, 4)|South|105.824000563
(2, 3)|East|178.040000269
(3, 3)|South|298.400000005
(3, 2)|South|499.0
(1, 5)|South|36.4967201436
(1, 4)|South|62.4944970832
(1, 3)|South|105.824097342
(1, 2)|South|178.040068845
(1, 1)|East|298.400003084
(2, 1)|East|499.0
(1, 5)|South|36.4967157648
(1, 4)|South|62.4944900844
(1, 3)|East|105.824082824
(2, 3)|South|178.040000268
(2, 2)|East|298.400000077
(3, 2)|South|499.0
(1, 5)|South|36.496711422
(1, 4)|South|62.4944837486
(1, 3)|South|105.824086135
(1, 2)|South|178.040055446
(1, 1)|East|298.400002467
(2, 1)|East|499.0
(1, 5)|South|36.4967076486
(1, 4)|East|62.494470141
(2, 4)|South|105.824000483
(2, 3)|East|178.040000216
(3, 3)|South|298.400000004
(3, 2)|South|499.0
(1, 5)|East|36.496696769
(2, 5)|South|62.49440907
(2, 4)|South|105.824000418
(2, 3)|South|178.040000226
(2, 2)|South|298.400000076
(2, 1)|East|499.0
(1, 5)|South|36.4967041687
(1, 4)|South|62.4944773351
(1, 3)|South|105.824077143
(1, 2)|East|178.040054905
(2, 2)|East|298.400000062
(3, 2)|South|499.0
(1, 5)|South|36.4967006152
(1, 4)|South|62.494471807
(1, 3)|East|105.824066286
(2, 3)|South|178.04000019
(2, 2)|South|298.400000061
(2, 1)|East|499.0
(1, 5)|South|36.496697109
(1, 4)|South|62.4944667027
(1, 3)|South|105.824068368
(1, 2)|South|178.040044653
(1, 1)|East|298.400001974
(2, 1)|East|499.0
(1, 5)|South|36.4966941041
(1, 4)|East|62.494456163
(2, 4)|South|105.82400036
(2, 3)|East|178.040000173
(3, 3)|South|298.400000003
(3, 2)|South|499.0
(1, 5)|East|36.4966865036
(2, 5)|South|62.4944072993
(2, 4)|South|105.824000311
(2, 3)|South|178.040000159
(2, 2)|East|298.400000049
(3, 2)|South|499.0
(1, 5)|South|36.4966912876
(1, 4)|South|62.4944615663
(1, 3)|South|105.824061283
(1, 2)|East|178.040043931
(2, 2)|South|298.400000049
(2, 1)|East|499.0
(1, 5)|South|36.4966884181
(1, 4)|South|62.4944572074
(1, 3)|East|105.82405305
(2, 3)|East|178.040000139
(3, 3)|South|298.400000003
(3, 2)|South|499.0
(1, 5)|South|36.4966855993
(1, 4)|South|62.4944531198
(1, 3)|South|105.824054384
(1, 2)|South|178.040035959
(1, 1)|East|298.400001579
(2, 1)|East|499.0
(1, 5)|East|36.4966780788
(2, 5)|South|62.4944058768
(2, 4)|South|105.824000268
(2, 3)|South|178.040000133
(2, 2)|East|298.40000004
(3, 2)|West|380.596416793
(2, 2)|South|298.400000039
(2, 1)|East|499.0
(1, 5)|South|36.496683219
(1, 4)|East|62.4944449626
(2, 4)|South|105.824000231
(2, 3)|East|178.040000111
(3, 3)|South|298.400000002
(3, 2)|West|340.085133439
(2, 2)|East|298.400000032
(3, 2)|South|499.0
(1, 5)|South|36.4966809496
(1, 4)|South|62.494449022
(1, 3)|South|105.824048779
(1, 2)|East|178.040035149
(2, 2)|South|298.400000031
(2, 1)|East|499.0
(1, 5)|South|36.4966786423
(1, 4)|South|62.4944455836
(1, 3)|East|105.824042456
(2, 3)|South|178.04000011
(2, 2)|East|298.400000025
(3, 2)|South|499.0
(1, 5)|South|36.4966763839
(1, 4)|South|62.4944423204
(1, 3)|South|105.824043338
(1, 2)|South|178.040028957
(1, 1)|East|298.400001263
(2, 1)|North|253.807478783
(2, 2)|South|298.400000025
(2, 1)|West|272.869595002
(1, 1)|East|298.400001011
(2, 1)|East|499.0
(1, 5)|East|36.4966711683
(2, 5)|South|62.4944047291
(2, 4)|South|105.824000198
(2, 3)|East|178.040000089
(3, 3)|South|298.400000002
(3, 2)|South|499.0
(1, 5)|South|36.4966745026
(1, 4)|East|62.4944359938
(2, 4)|South|105.824000172
(2, 3)|South|178.040000091
(2, 2)|East|298.40000002
(3, 2)|North|256.636274503
(3, 3)|South|298.400000001
(3, 2)|South|499.0
(1, 5)|South|36.4966726805
(1, 4)|South|62.4944390569
(1, 3)|South|105.824038889
(1, 2)|East|178.040028123
(2, 2)|South|298.40000002
(2, 1)|East|499.0
(1, 5)|South|36.4966708313
(1, 4)|South|62.4944363403
(1, 3)|East|105.824033976
(2, 3)|South|178.040000076
(2, 2)|East|298.400000016
(3, 2)|South|499.0
(1, 5)|East|36.4966655021
(2, 5)|South|62.4944038039
(2, 4)|South|105.824000148
(2, 3)|East|178.040000072
(3, 3)|South|298.400000001
(3, 2)|South|499.0
(1, 5)|South|36.4966690258
(1, 4)|South|62.4944337388
(1, 3)|South|105.824034586
(1, 2)|South|178.040023287
(1, 1)|East|298.400000809
(2, 1)|East|499.0
(1, 5)|South|36.4966675399
(1, 4)|East|62.4944288128
(2, 4)|South|105.824000128
(2, 3)|South|178.040000063
(2, 2)|South|298.400000016
(2, 1)|East|499.0
(1, 5)|South|36.4966660806
(1, 4)|South|62.4944311414
(1, 3)|South|105.824031043
(1, 2)|East|178.0400225
(2, 2)|East|298.400000013
(3, 2)|South|499.0
(1, 5)|South|36.4966646015
(1, 4)|South|62.4944289902
(1, 3)|East|105.824027189
(2, 3)|East|178.040000057
(3, 3)|South|298.400000001
(3, 2)|South|499.0
(1, 5)|East|36.4966608582
(2, 5)|South|62.4944030585
(2, 4)|South|105.82400011
(2, 3)|South|178.040000052
(2, 2)|South|298.400000013
(2, 1)|East|499.0
(1, 5)|South|36.49666316
(1, 4)|South|62.4944269173
(1, 3)|South|105.824027629
(1, 2)|South|178.040018726
(1, 1)|East|298.400000647
(2, 1)|East|499.0
(1, 5)|South|36.4966619855
(1, 4)|East|62.4944230634
(2, 4)|South|105.824000095
(2, 3)|East|178.040000046
(3, 3)|South|298.400000001
(3, 2)|South|499.0
(1, 5)|South|36.4966608185
(1, 4)|South|62.4944248494
(1, 3)|South|105.824024803
(1, 2)|East|178.040018002
(2, 2)|East|298.40000001
(3, 2)|South|499.0
(1, 5)|East|36.4966570535
(2, 5)|South|62.4944024581
(2, 4)|South|105.824000082
(2, 3)|South|178.040000043
(2, 2)|South|298.40000001
(2, 1)|East|499.0
(1, 5)|South|36.4966596367
(1, 4)|South|62.4944231422
(1, 3)|East|105.824021757
(2, 3)|East|178.040000037
(3, 3)|South|298.400000001
(3, 2)|South|499.0
(1, 5)|South|36.4966584864
(1, 4)|South|62.4944214901
(1, 3)|South|105.82402209
(1, 2)|South|178.040015059
(1, 1)|East|298.400000517
(2, 1)|East|499.0
(1, 5)|South|36.4966575568
(1, 4)|East|62.4944184606
(2, 4)|South|105.824000071
(2, 3)|South|178.040000036
(2, 2)|East|298.400000008
(3, 2)|South|499.0
(1, 5)|South|36.4966566242
(1, 4)|South|62.4944198429
(1, 3)|South|105.824019832
(1, 2)|East|178.040014402
(2, 2)|South|298.400000008
(2, 1)|East|499.0
(1, 5)|East|36.4966539378
(2, 5)|South|62.494401975
(2, 4)|South|105.824000061
(2, 3)|East|178.04000003
(3, 3)|East|33.0218925367
(4, 3)|West|292.415940229
(3, 3)|South|298.4
(3, 2)|South|499.0
(1, 5)|South|36.4966556805
(1, 4)|South|62.4944184851
(1, 3)|East|105.82401741
(2, 3)|South|178.04000003
(2, 2)|East|298.400000007
(3, 2)|South|499.0
(1, 5)|South|36.4966547626
(1, 4)|South|62.4944171679
(1, 3)|South|105.824017673
(1, 2)|South|178.040012109
(1, 1)|East|298.400000414
(2, 1)|East|499.0
(1, 5)|South|36.4966540254
(1, 4)|East|62.4944147758
(2, 4)|South|105.824000052
(2, 3)|South|178.040000025
(2, 2)|South|298.400000007
(2, 1)|East|499.0
(1, 5)|South|36.4966532805
(1, 4)|South|62.4944158551
(1, 3)|South|105.824015866
(1, 2)|East|178.040011523
(2, 2)|East|298.400000005
(3, 2)|South|499.0
(1, 5)|East|36.4966513872
(2, 5)|South|62.4944015863
(2, 4)|South|105.824000045
(2, 3)|East|178.040000024
(3, 3)|South|298.4
(3, 2)|South|499.0
(1, 5)|South|36.496652527
(1, 4)|South|62.4944147732
(1, 3)|East|105.824013931
(2, 3)|South|178.040000021
(2, 2)|South|298.400000005
(2, 1)|East|499.0
(1, 5)|South|36.4966517947
(1, 4)|East|62.4944118261
(2, 4)|South|105.824000039
(2, 3)|East|178.040000019
(3, 3)|South|298.4
(3, 2)|South|499.0
(1, 5)|South|36.4966512085
(1, 4)|South|62.4944137226
(1, 3)|South|105.824014146
(1, 2)|South|178.040009737
(1, 1)|East|298.400000331
(2, 1)|East|499.0
(1, 5)|East|36.4966493001
(2, 5)|South|62.4944012737
(2, 4)|South|105.824000034
(2, 3)|South|178.040000017
(2, 2)|East|298.400000004
(3, 2)|South|499.0
(1, 5)|South|36.4966506135
(1, 4)|South|62.4944126756
(1, 3)|South|105.8240127
(1, 2)|East|178.040009219
(2, 2)|South|298.400000004
(2, 1)|East|499.0
(1, 5)|South|36.4966500119
(1, 4)|South|62.4944118122
(1, 3)|East|105.824011147
(2, 3)|East|178.040000015
(3, 3)|South|298.4
(3, 2)|South|499.0
(1, 5)|South|36.4966494286
(1, 4)|South|62.4944109737
(1, 3)|South|105.824011328
(1, 2)|South|178.040007829
(1, 1)|East|298.400000265
(2, 1)|East|499.0
(1, 5)|South|36.496648962
(1, 4)|East|62.4944094649
(2, 4)|South|105.824000029
(2, 3)|South|178.040000014
(2, 2)|East|298.400000003
(3, 2)|South|499.0
(1, 5)|East|36.496647593
(2, 5)|South|62.4944010225
(2, 4)|South|105.824000025
(2, 3)|East|178.040000012
(3, 3)|South|298.4
(3, 2)|South|499.0
(1, 5)|South|36.4966484865
(1, 4)|South|62.4944101383
(1, 3)|South|105.824010169
(1, 2)|East|178.040007376
(2, 2)|South|298.400000003
(2, 1)|East|499.0
(1, 5)|South|36.4966480058
(1, 4)|South|62.4944094483
(1, 3)|East|105.824008919
(2, 3)|South|178.040000012
(2, 2)|East|298.400000003
(3, 2)|South|499.0
(1, 5)|South|36.4966475404
(1, 4)|East|62.494407575
(2, 4)|South|105.824000022
(2, 3)|East|178.04000001
(3, 3)|South|298.4
(3, 2)|South|499.0
(1, 5)|East|36.4966461971
(2, 5)|South|62.4944008206
(2, 4)|South|105.824000019
(2, 3)|South|178.04000001
(2, 2)|South|298.400000003
(2, 1)|East|499.0
(1, 5)|South|36.4966471661
(1, 4)|East|62.4944060622
(2, 4)|South|105.824000016
(2, 3)|East|178.040000008
(3, 3)|South|298.4
(3, 2)|South|499.0
(1, 5)|South|36.4966468667
(1, 4)|South|62.4944087789
(1, 3)|South|105.824009075
(1, 2)|South|178.040006295
(1, 1)|East|298.400000212
(2, 1)|East|499.0
(1, 5)|South|36.4966465468
(1, 4)|South|62.4944081121
(1, 3)|South|105.824008145
(1, 2)|East|178.040005901
(2, 2)|East|298.400000002
(3, 2)|South|499.0
(1, 5)|South|36.4966462109
(1, 4)|South|62.49440756
(1, 3)|East|105.824007137
(2, 3)|South|178.040000008
(2, 2)|South|298.400000002
(2, 1)|East|499.0
(1, 5)|East|36.4966450561
(2, 5)|South|62.4944006584
(2, 4)|South|105.824000014
(2, 3)|South|178.040000007
(2, 2)|East|298.400000002
(3, 2)|South|499.0
(1, 5)|South|36.4966458759
(1, 4)|South|62.4944070253
(1, 3)|South|105.824007271
(1, 2)|South|178.040005062
(1, 1)|East|298.40000017
(2, 1)|East|499.0
(1, 5)|South|36.4966455438
(1, 4)|South|62.4944064928
(1, 3)|South|105.824006525
(1, 2)|East|178.040004721
(2, 2)|South|298.400000002
(2, 1)|East|499.0
(1, 5)|South|36.4966452142
(1, 4)|South|62.4944060506
(1, 3)|East|105.82400571
(2, 3)|East|178.040000006
(3, 3)|South|298.4
(3, 2)|South|499.0
(1, 5)|South|36.4966448988
(1, 4)|East|62.4944048514
(2, 4)|South|105.824000012
(2, 3)|South|178.040000006
(2, 2)|East|298.400000001
(3, 2)|South|499.0
(1, 5)|East|36.4966441239
(2, 5)|South|62.4944005281
(2, 4)|South|105.82400001
(2, 3)|East|178.040000005
(3, 3)|South|298.4
(3, 2)|South|499.0
(1, 5)|South|36.4966446451
(1, 4)|South|62.4944056235
(1, 3)|South|105.824005827
(1, 2)|South|178.04000407
(1, 1)|East|298.400000136
(2, 1)|East|499.0
(1, 5)|South|36.4966443909
(1, 4)|South|62.4944051981
(1, 3)|South|105.824005228
(1, 2)|East|178.040003777
(2, 2)|South|298.400000001
(2, 1)|East|499.0
(1, 5)|South|36.4966441365
(1, 4)|South|62.4944048437
(1, 3)|East|105.824004569
(2, 3)|South|178.040000005
(2, 2)|East|298.400000001
(3, 2)|South|499.0
(1, 5)|South|36.4966438914
(1, 4)|East|62.4944038824
(2, 4)|South|105.824000009
(2, 3)|North|142.253113946
(2, 4)|South|105.824000008
(2, 3)|East|178.040000004
(3, 3)|South|298.4
(3, 2)|South|499.0
(1, 5)|East|36.4966433625
(2, 5)|South|62.4944004234
(2, 4)|South|105.824000007
(2, 3)|South|178.040000004
(2, 2)|South|298.400000001
(2, 1)|East|499.0
(1, 5)|South|36.4966436943
(1, 4)|South|62.4944045024
(1, 3)|South|105.824004671
(1, 2)|East|178.040003022
(2, 2)|East|298.400000001
(3, 2)|South|499.0
(1, 5)|South|36.4966434958
(1, 4)|South|62.4944041624
(1, 3)|South|105.824004225
(1, 2)|South|178.040003272
(1, 1)|East|298.400000109
(2, 1)|East|499.0
(1, 5)|South|36.4966432961
(1, 4)|South|62.4944038782
(1, 3)|East|105.824003656
(2, 3)|East|178.040000003
(3, 3)|South|298.4
(3, 2)|South|499.0
(1, 5)|East|36.4966427408
(2, 5)|South|62.4944003395
(2, 4)|South|105.824000006
(2, 3)|South|178.040000003
(2, 2)|South|298.400000001
(2, 1)|East|499.0
(1, 5)|South|36.4966431028
(1, 4)|East|62.4944031066
(2, 4)|South|105.824000005
(2, 3)|South|178.040000003
(2, 2)|East|298.400000001
(3, 2)|South|499.0
(1, 5)|South|36.4966429476
(1, 4)|South|62.4944036096
(1, 3)|South|105.824003773
(1, 2)|South|178.040002631
(1, 1)|East|298.400000087
(2, 1)|East|499.0
(1, 5)|South|36.4966427912
(1, 4)|South|62.4944033404
(1, 3)|South|105.824003381
(1, 2)|East|178.040002417
(2, 2)|South|298.400000001
(2, 1)|East|499.0
(1, 5)|East|36.4966422334
(2, 5)|South|62.4944002722
(2, 4)|South|105.824000004
(2, 3)|East|178.040000003
(3, 3)|South|298.4
(3, 2)|South|499.0
(1, 5)|South|36.4966426338
(1, 4)|South|62.494403111
(1, 3)|East|105.824002925
(2, 3)|South|178.040000002
(2, 2)|East|298.400000001
(3, 2)|South|499.0
(1, 5)|South|36.4966424804
(1, 4)|South|62.4944028945
(1, 3)|South|105.82400302
(1, 2)|North|137.773061298
(1, 3)|South|105.824002732
(1, 2)|South|178.040002115
(1, 1)|East|298.400000069
(2, 1)|East|499.0
(1, 5)|South|36.4966423571
(1, 4)|East|62.4944024858
(2, 4)|South|105.824000004
(2, 3)|East|178.040000002
(3, 3)|East|61.3074268568
(4, 3)|West|269.540752183
(3, 3)|South|298.4
(3, 2)|South|499.0
(1, 5)|South|36.496642233
(1, 4)|South|62.4944026666
(1, 3)|East|105.82400234
(2, 3)|South|178.040000002
(2, 2)|South|298.400000001
(2, 1)|East|499.0
(1, 5)|East|36.4966418194
(2, 5)|South|62.4944002183
(2, 4)|South|105.824000003
(2, 3)|East|178.040000002
(3, 3)|South|298.4
(3, 2)|South|499.0
(1, 5)|South|36.4966421064
(1, 4)|South|62.4944024611
(1, 3)|South|105.824002476
(1, 2)|East|178.040001934
(2, 2)|East|298.4
(3, 2)|South|499.0
(1, 5)|South|36.4966419834
(1, 4)|East|62.494401989
(2, 4)|South|105.824000003
(2, 3)|South|178.040000002
(2, 2)|North|208.595622708
(2, 3)|East|178.040000001
(3, 3)|East|81.1908317474
(4, 3)|West|251.240601746
(3, 3)|South|298.4
(3, 2)|South|499.0
(1, 5)|South|36.4966418821
(1, 4)|South|62.494402266
(1, 3)|South|105.824002234
(1, 2)|South|178.0400017
(1, 1)|East|298.400000056
(2, 1)|East|499.0
(1, 5)|South|36.4966417776
(1, 4)|South|62.4944020936
(1, 3)|East|105.824001872
(2, 3)|South|178.040000001
(2, 2)|South|298.4
(2, 1)|East|499.0
(1, 5)|East|36.4966414817
(2, 5)|South|62.494400175
(2, 4)|South|105.824000002
(2, 3)|East|178.040000001
(3, 3)|South|298.4
(3, 2)|South|499.0
(1, 5)|South|36.4966416733
(1, 4)|South|62.494401943
(1, 3)|North|72.0551965401
(1, 4)|East|62.4944015915
(2, 4)|South|105.824000002
(2, 3)|South|178.040000001
(2, 2)|East|298.4
(3, 2)|South|499.0
(1, 5)|South|36.4966415718
(1, 4)|South|62.4944018225
(1, 3)|South|105.82400202
(1, 2)|East|178.040001547
(2, 2)|South|298.4
(2, 1)|East|499.0
(1, 5)|South|36.4966414761
(1, 4)|South|62.4944017003
(1, 3)|South|105.82400182
(1, 2)|East|178.040001238
(2, 2)|East|298.4
(3, 2)|South|499.0
(1, 5)|East|36.4966412064
(2, 5)|South|62.4944001402
(2, 4)|South|105.824000002
(2, 3)|South|178.040000001
(2, 2)|South|298.4
(2, 1)|East|499.0
(1, 5)|South|36.4966413849
(1, 4)|South|62.494401585
(1, 3)|East|105.824001498
(2, 3)|East|178.040000001
(3, 3)|South|298.4
(3, 2)|South|499.0
(1, 5)|South|36.4966412989
(1, 4)|East|62.4944012735
(2, 4)|South|105.824000002
(2, 3)|South|178.040000001
(2, 2)|East|298.4
(3, 2)|South|499.0
(1, 5)|South|36.4966412293
(1, 4)|South|62.4944014863
(1, 3)|South|105.82400166
(1, 2)|South|178.040001367
(1, 1)|East|298.400000044
(2, 1)|East|499.0
(1, 5)|South|36.4966411618
(1, 4)|South|62.4944013882
(1, 3)|South|105.824001492
(1, 2)|South|178.040001099
(1, 1)|East|298.400000036
(2, 1)|East|499.0
(1, 5)|East|36.4966409819
(2, 5)|South|62.4944001124
(2, 4)|South|105.824000001
(2, 3)|East|178.040000001
(3, 3)|South|298.4
(3, 2)|South|499.0
(1, 5)|South|36.4966410961
(1, 4)|South|62.4944012903
(1, 3)|East|105.824001198
(2, 3)|South|178.040000001
(2, 2)|South|298.4
(2, 1)|East|499.0
(1, 5)|South|36.4966410317
(1, 4)|South|62.4944012113
(1, 3)|South|105.824001342
(1, 2)|East|178.04000099
(2, 2)|East|298.4
(3, 2)|South|499.0
(1, 5)|South|36.4966409782
(1, 4)|East|62.4944010189
(2, 4)|South|105.824000001
(2, 3)|East|178.040000001
(3, 3)|South|298.4
(3, 2)|North|240.917019602
(3, 3)|South|298.4
(3, 2)|East|380.482583577
(4, 2)|West|407.603609657
(3, 2)|East|353.09850002
(4, 2)|West|385.762887726
(3, 2)|South|499.0
(1, 5)|East|36.496640799
(2, 5)|South|62.49440009
(2, 4)|South|105.824000001
(2, 3)|South|178.040000001
(2, 2)|South|298.4
(2, 1)|East|499.0
(1, 5)|South|36.4966409279
(1, 4)|South|62.4944011301
(1, 3)|South|105.824001205
(1, 2)|South|178.040000883
(1, 1)|East|298.400000028
(2, 1)|East|499.0
(1, 5)|South|36.4966408779
(1, 4)|South|62.4944010487
(1, 3)|South|105.824001083
(1, 2)|East|178.040000792
(2, 2)|East|298.4
(3, 2)|South|499.0
(1, 5)|South|36.4966408282
(1, 4)|South|62.4944009828
(1, 3)|East|105.824000959
(2, 3)|South|178.04
(2, 2)|South|298.4
(2, 1)|East|499.0
(1, 5)|South|36.4966407848
(1, 4)|East|62.4944008153
(2, 4)|South|105.824000001
(2, 3)|South|178.04
(2, 2)|East|298.4
(3, 2)|South|499.0
(1, 5)|East|36.49664065
(2, 5)|South|62.4944000721
(2, 4)|South|105.824000001
(2, 3)|East|178.04
(3, 3)|South|298.4
(3, 2)|South|499.0
(1, 5)|South|36.4966407458
(1, 4)|South|62.4944009162
(1, 3)|South|105.824000973
(1, 2)|South|178.04000071
(1, 1)|East|298.400000023
(2, 1)|East|499.0
(1, 5)|South|36.4966407066
(1, 4)|South|62.4944008497
(1, 3)|South|105.824000873
(1, 2)|East|178.040000634
(2, 2)|South|298.4
(2, 1)|East|499.0
(1, 5)|South|36.4966406672
(1, 4)|South|62.4944007948
(1, 3)|East|105.824000767
(2, 3)|East|178.04
(3, 3)|East|94.9015376075
(4, 3)|West|236.600481397
(3, 3)|South|298.4
(3, 2)|South|499.0
(1, 5)|South|36.4966406316
(1, 4)|East|62.4944006523
(2, 4)|South|105.824000001
(2, 3)|South|178.04
(2, 2)|East|298.4
(3, 2)|East|328.570346543
(4, 2)|West|368.290310181
(3, 2)|South|499.0
(1, 5)|East|36.4966405287
(2, 5)|South|62.4944000578
(2, 4)|South|105.824000001
(2, 3)|East|178.04
(3, 3)|South|298.4
(3, 2)|South|499.0
(1, 5)|South|36.4966406007
(1, 4)|South|62.4944007406
(1, 3)|South|105.824000784
(1, 2)|South|178.040000571
(1, 1)|East|298.400000018
(2, 1)|East|499.0
(1, 5)|South|36.4966405694
(1, 4)|South|62.4944006865
(1, 3)|South|105.824000703
(1, 2)|East|178.040000507
(2, 2)|South|298.4
(2, 1)|East|499.0
(1, 5)|South|36.4966405379
(1, 4)|South|62.4944006413
(1, 3)|East|105.824000614
(2, 3)|South|178.04
(2, 2)|East|298.4
(3, 2)|South|499.0
(1, 5)|South|36.4966405086
(1, 4)|East|62.4944005219
(2, 4)|South|105.824
(2, 3)|East|178.04
(3, 3)|South|298.4
(3, 2)|South|499.0
(1, 5)|East|36.4966404299
(2, 5)|South|62.4944000463
(2, 4)|South|105.824
(2, 3)|South|178.04
(2, 2)|East|298.4
(3, 2)|South|499.0
(1, 5)|South|36.4966404838
(1, 4)|South|62.4944005974
(1, 3)|South|105.824000631
(1, 2)|South|178.040000459
(1, 1)|East|298.400000015
(2, 1)|East|499.0
(1, 5)|South|36.4966404588
(1, 4)|South|62.4944005536
(1, 3)|South|105.824000566
(1, 2)|East|178.040000406
(2, 2)|South|298.4
(2, 1)|East|499.0
(1, 5)|South|36.4966404334
(1, 4)|South|62.4944005165
(1, 3)|East|105.824000491
(2, 3)|South|178.04
(2, 2)|South|298.4
(2, 1)|East|499.0
(1, 5)|South|36.4966404094
(1, 4)|East|62.4944004176
(2, 4)|South|105.824
(2, 3)|East|178.04
(3, 3)|South|298.4
(3, 2)|South|499.0
(1, 5)|East|36.4966403494
(2, 5)|South|62.4944000371
(2, 4)|South|105.824
(2, 3)|South|178.04
(2, 2)|East|298.4
(3, 2)|South|499.0
(1, 5)|South|36.4966403895
(1, 4)|South|62.4944004811
(1, 3)|South|105.824000508
(1, 2)|South|178.040000369
(1, 1)|East|298.400000012
(2, 1)|East|499.0
(1, 5)|South|36.4966403895
(1, 4)|South|62.4944004811
(1, 3)|South|105.824000508
(1, 2)|East|178.040000406
(2, 2)|South|298.4
(2, 1)|East|499.0
