(1, 5)|South|254.519554329
(1, 4)|South|305.764304846
(1, 3)|South|377.146116455
(1, 2)|East|480.531240325
(2, 2)|East|635.5236
(3, 2)|South|774.604
(3, 1)|East|418.16
(4, 1)|East|399.0
(5, 1)|West|47.68
(4, 1)|East|324.7216
(5, 1)|West|77.0538342348
(4, 1)|West|310.711428232
(3, 1)|East|373.294592
(4, 1)|East|268.823740108
(5, 1)|West|98.7284387757
(4, 1)|West|293.164493626
(3, 1)|East|333.615412835
(4, 1)|West|274.984083958
(3, 1)|North|363.769073715
(3, 2)|South|663.135488846
(3, 1)|North|370.391517634
(3, 2)|South|574.755373193
(3, 1)|North|370.034127528
(3, 2)|East|579.944913496
(4, 2)|West|652.672218685
(3, 2)|West|546.818777775
(2, 2)|East|577.812269619
(3, 2)|East|542.076597039
(4, 2)|West|590.908419732
(3, 2)|South|504.008393858
(3, 1)|North|361.445555355
(3, 2)|West|506.592494574
(2, 2)|East|527.09900734
(3, 2)|East|504.370287999
(4, 2)|West|533.317835134
(3, 2)|West|472.145369036
(2, 2)|South|554.666410931
(2, 1)|East|761.332944996
(3, 1)|North|349.480878844
(3, 2)|East|467.294370615
(4, 2)|West|486.93527537
(3, 2)|North|414.136935959
(3, 3)|South|553.827944189
(3, 2)|South|444.944420547
(3, 1)|North|336.04214736
(3, 2)|West|444.076264541
(2, 2)|South|534.893082145
(2, 1)|East|649.19141368
(3, 1)|North|324.709042362
(3, 2)|East|432.067729537
(4, 2)|West|442.741550762
(3, 2)|South|395.789385978
(3, 1)|East|300.044809181
(4, 1)|North|275.278845511
(4, 2)|West|407.282392354
(3, 2)|West|419.24818149
(2, 2)|South|505.617435357
(2, 1)|East|558.118216028
(3, 1)|North|311.415361434
(3, 2)|East|394.328070712
(4, 2)|West|375.935695662
(3, 2)|West|398.450426073
(2, 2)|East|471.175638187
(3, 2)|North|397.56890207
(3, 3)|South|490.67640648
(3, 2)|West|379.234433101
(2, 2)|South|471.268134209
(2, 1)|East|483.664416194
(3, 1)|North|296.640557395
(3, 2)|North|376.736290434
(3, 3)|South|439.835851502
(3, 2)|South|352.436885884
(3, 1)|East|272.869308806
(4, 1)|North|265.135359889
(4, 2)|East|-0.2
(5, 2)|West|44.9122834795
(4, 2)|West|347.867925015
(3, 2)|East|357.006607571
(4, 2)|West|323.602471984
(3, 2)|West|359.739722586
(2, 2)|South|434.854237311
(2, 1)|East|422.328399843
(3, 1)|North|282.320800768
(3, 2)|North|353.969334527
(3, 3)|South|394.837447912
(3, 2)|West|344.132854651
(2, 2)|East|419.581303458
(3, 2)|East|324.237582695
(4, 2)|West|301.158297731
(3, 2)|North|330.355961371
(3, 3)|South|357.962384635
(3, 2)|South|315.6280048
(3, 1)|North|266.952583173
(3, 2)|North|307.040255253
(3, 3)|South|327.465850266
(3, 2)|West|329.580359122
(2, 2)|West|420.624251512
(1, 2)|East|437.751603268
(2, 2)|North|416.854537966
(2, 3)|South|453.385605684
(2, 2)|South|398.36279783
(2, 1)|East|370.407036931
(3, 1)|East|251.09353712
(4, 1)|West|251.821577147
(3, 1)|North|252.911709633
(3, 2)|West|313.939197479
(2, 2)|West|388.829593602
(1, 2)|East|400.351039029
(2, 2)|East|374.37355269
(3, 2)|East|295.329061884
(4, 2)|West|278.601998761
(3, 2)|South|282.651808996
(3, 1)|North|239.802071404
(3, 2)|West|300.973902539
(2, 2)|North|387.689903055
(2, 3)|South|410.312020286
(2, 2)|South|362.939082695
(2, 1)|East|326.256853999
(3, 1)|East|232.933678509
(4, 1)|East|226.70640474
(5, 1)|West|110.598994207
(4, 1)|North|245.340527762
(4, 2)|West|259.526429639
(3, 2)|North|284.728106234
(3, 3)|South|297.889548518
(3, 2)|West|287.238673263
(2, 2)|West|358.905799565
(1, 2)|East|366.60361959
(2, 2)|North|359.189364878
(2, 3)|South|372.974442552
(2, 2)|East|334.738329578
(3, 2)|East|267.206421064
(4, 2)|West|241.889784503
(3, 2)|West|273.143628534
(2, 2)|South|329.302088636
(2, 1)|East|290.530282112
(3, 1)|West|234.968373191
(2, 1)|West|346.486980692
(1, 5)|South|240.107360045
(1, 4)|South|289.668977851
(1, 3)|South|345.509327515
(1, 2)|East|336.185619457
(2, 2)|North|331.908425009
(2, 3)|South|341.248249989
(2, 2)|West|329.017913673
(1, 2)|North|321.882946107
(1, 3)|South|316.549736347
(1, 2)|East|308.917095115
(2, 2)|East|301.758036411
(3, 2)|North|263.32923081
(3, 3)|South|272.029855894
(3, 2)|South|254.697695765
(3, 1)|North|224.418892547
(3, 2)|West|258.143913828
(2, 2)|North|306.276530006
(2, 3)|South|312.314850628
(2, 2)|South|304.820108592
(2, 1)|West|376.989584554
(1, 5)|South|226.646165378
(1, 4)|South|272.241536699
(1, 3)|East|308.653478193
(2, 3)|South|289.134030143
(2, 2)|West|301.640284471
(1, 2)|North|295.292325248
(1, 3)|South|290.109840491
(1, 2)|East|283.686859693
(2, 2)|North|279.517307622
(2, 3)|South|267.685637145
(2, 2)|East|273.271199656
(3, 2)|East|242.591910991
(4, 2)|West|224.911335299
(3, 2)|North|243.106967355
(3, 3)|South|248.401154374
(3, 2)|West|242.893544094
(2, 2)|South|288.89483702
(2, 1)|West|401.391667643
(1, 5)|South|213.785916706
(1, 4)|South|254.631646742
(1, 3)|East|278.845059012
(2, 3)|South|250.145343853
(2, 2)|West|276.547306606
(1, 2)|North|270.847041057
(1, 3)|South|267.176989856
(1, 2)|South|335.060783088
(1, 5)|South|201.384530974
(1, 4)|South|236.966724475
(1, 3)|East|252.893488472
(2, 3)|South|234.583655525
(2, 2)|South|279.082869733
(2, 1)|West|420.913334114
(1, 5)|South|189.343631716
(1, 4)|South|221.434618363
(1, 3)|North|222.84590924
(1, 4)|South|209.008933473
(1, 3)|South|253.748885856
(1, 2)|East|260.291564669
(2, 2)|North|251.56388476
(2, 3)|South|220.956868788
(2, 2)|South|273.57589588
(2, 1)|West|436.530667292
(1, 5)|South|176.35597739
(1, 4)|South|197.457013081
(1, 3)|South|243.006402655
(1, 2)|South|367.84862647
(1, 5)|South|165.900654513
(1, 4)|North|186.48056255
(1, 5)|South|156.21536518
(1, 4)|South|188.112829081
(1, 3)|East|228.629615032
(2, 3)|South|209.751171823
(2, 2)|West|265.179680462
(1, 2)|South|394.078901176
(1, 5)|South|147.345831634
(1, 4)|South|179.451031584
(1, 3)|South|241.494590265
(1, 2)|South|415.063120941
(1, 5)|South|140.054332813
(1, 4)|North|165.790969977
(1, 5)|South|133.377590041
(1, 4)|South|172.340176099
(1, 3)|South|242.803246725
(1, 2)|South|431.850496753
(1, 5)|South|127.182893164
(1, 4)|South|166.808530486
(1, 3)|South|245.86465699
(1, 2)|South|445.280397402
(1, 5)|East|134.770060324
(2, 5)|South|247.366377745
(2, 4)|South|333.047984843
(2, 3)|West|199.894106621
(1, 3)|South|249.925373281
(1, 2)|South|456.024317922
(1, 5)|East|137.300013588
(2, 5)|South|237.658860378
(2, 4)|South|291.645055341
(2, 3)|East|198.985921637
(3, 3)|South|229.084646991
(3, 2)|South|231.754361395
(3, 1)|West|240.158378628
(2, 1)|West|449.024533833
(1, 5)|East|138.159074116
(2, 5)|South|224.924494943
(2, 4)|South|258.286184892
(2, 3)|South|200.430044964
(2, 2)|South|272.543660764
(2, 1)|West|459.019627067
(1, 5)|East|137.318198686
(2, 5)|South|210.733938141
(2, 4)|South|231.185952345
(2, 3)|North|192.58901049
(2, 4)|South|208.800367272
(2, 3)|South|192.93657993
(2, 2)|East|247.589795808
(3, 2)|North|221.775731523
(3, 3)|South|212.214942884
(3, 2)|West|226.820074567
(2, 2)|South|272.917283859
(2, 1)|West|467.015701653
(1, 5)|East|134.942631526
(2, 5)|South|193.443194586
(2, 4)|South|190.827586612
(2, 3)|West|189.706330091
(1, 3)|South|254.463216775
(1, 2)|South|464.619454337
(1, 5)|East|130.967288571
(2, 5)|South|177.453866062
(2, 4)|South|176.340379886
(2, 3)|East|184.454530456
(3, 3)|South|198.682983626
(3, 2)|East|220.862889029
(4, 2)|West|207.539591607
(3, 2)|South|214.022494551
(3, 1)|West|247.968587101
(2, 1)|West|473.412561323
(1, 5)|East|125.868294784
(2, 5)|South|162.923938436
(2, 4)|South|164.0246935
(2, 3)|South|186.899338007
(2, 2)|South|274.943334446
(2, 1)|West|478.530049058
(1, 5)|East|120.04550844
(2, 5)|South|149.822113969
(2, 4)|South|154.130436059
(2, 3)|North|172.366860719
(2, 4)|South|145.869108458
(2, 3)|West|182.100650086
(1, 3)|South|259.124907941
(1, 2)|South|471.49556347
(1, 5)|South|121.56333819
(1, 4)|South|164.341813342
(1, 3)|South|263.679393969
(1, 2)|South|476.996450776
(1, 5)|South|116.945586949
(1, 4)|East|116.083630361
(2, 4)|South|138.923207327
(2, 3)|South|182.312670539
(2, 2)|South|277.178273444
(2, 1)|West|482.624039246
(1, 5)|East|113.815060428
(2, 5)|South|136.328476054
(2, 4)|South|133.073109517
(2, 3)|West|177.122047345
(1, 3)|South|267.983089268
(1, 2)|South|481.397160621
(1, 5)|South|113.251385957
(1, 4)|North|146.090583233
(1, 5)|East|107.211465469
(2, 5)|South|124.831553985
(2, 4)|South|128.393031268
(2, 3)|East|171.2055824
(3, 3)|South|185.964795849
(3, 2)|West|214.517452467
(2, 2)|South|279.457503465
(2, 1)|West|485.899231397
(1, 5)|South|110.122126366
(1, 4)|South|163.431421386
(1, 3)|South|271.954130689
(1, 2)|South|484.917728497
(1, 5)|South|107.509471659
(1, 4)|South|163.179632791
(1, 3)|South|275.553431971
(1, 2)|South|487.734182797
(1, 5)|South|105.389133262
(1, 4)|South|163.410118069
(1, 3)|South|278.770847512
(1, 2)|South|489.987346238
(1, 5)|East|100.548958853
(2, 5)|South|115.072406941
(2, 4)|South|124.391945479
(2, 3)|South|179.185036847
(2, 2)|South|281.673910539
(2, 1)|West|488.519385118
(1, 5)|South|103.720520778
(1, 4)|South|163.980596157
(1, 3)|South|281.615159558
(1, 2)|South|491.78987699
(1, 5)|South|102.454088161
(1, 4)|South|164.778296073
(1, 3)|South|284.106912886
(1, 2)|South|493.231901592
(1, 5)|South|101.536666058
(1, 4)|South|165.715466404
(1, 3)|South|286.2733585
(1, 2)|South|494.385521274
(1, 5)|South|100.915188815
(1, 4)|South|166.725176143
(1, 3)|South|288.144949352
(1, 2)|South|495.308417019
(1, 5)|South|100.539172189
(1, 4)|South|167.757534837
(1, 3)|South|289.752969524
(1, 2)|South|496.046733615
(1, 5)|East|94.0478559155
(2, 5)|South|106.78495901
(2, 4)|South|120.815760805
(2, 3)|South|176.948898742
(2, 2)|South|283.761454646
(2, 1)|West|490.615508094
(1, 5)|South|100.362241932
(1, 4)|South|168.776384213
(1, 3)|South|291.127983653
(1, 2)|South|496.637386892
(1, 5)|South|100.342959651
(1, 4)|South|169.756465408
(1, 3)|South|292.29887335
(1, 2)|South|497.109909514
(1, 5)|South|100.44514357
(1, 4)|South|170.681037129
(1, 3)|South|293.292287821
(1, 2)|South|497.487927611
(1, 5)|South|100.637839311
(1, 4)|South|171.539904242
(1, 3)|South|294.13238157
(1, 2)|South|497.790342089
(1, 5)|South|100.895059958
(1, 4)|South|172.327809182
(1, 3)|South|294.840746307
(1, 2)|North|251.858522402
(1, 3)|South|295.407438096
(1, 2)|South|498.032273671
(1, 5)|South|101.195385068
(1, 4)|South|173.111139917
(1, 3)|South|295.889823318
(1, 2)|South|498.225818937
(1, 5)|South|101.529644845
(1, 4)|South|173.795690732
(1, 3)|South|296.298956926
(1, 2)|South|498.380655149
(1, 5)|South|101.879198763
(1, 4)|South|174.392427416
(1, 3)|South|296.644844159
(1, 2)|South|498.50452412
(1, 5)|South|102.230450301
(1, 4)|South|174.911323232
(1, 3)|South|296.936418222
(1, 2)|South|498.603619296
(1, 5)|South|102.573719028
(1, 4)|South|175.361428772
(1, 3)|South|297.181568893
(1, 2)|South|498.682895437
(1, 5)|South|102.902346675
(1, 4)|South|175.750931285
(1, 3)|South|297.387202567
(1, 2)|South|498.746316349
(1, 5)|South|103.211989095
(1, 4)|South|176.087209336
(1, 3)|South|297.559320015
(1, 2)|South|498.797053079
(1, 5)|South|103.500056396
(1, 4)|South|176.376885871
(1, 3)|South|297.703102382
(1, 2)|South|498.837642464
(1, 5)|South|103.765271421
(1, 4)|South|176.625880982
(1, 3)|South|297.822999001
(1, 2)|East|242.084626293
(2, 2)|South|285.683024688
(2, 1)|West|492.292406475
(1, 5)|South|104.007322855
(1, 4)|South|176.839464666
(1, 3)|South|297.918916296
(1, 2)|South|498.870113971
(1, 5)|South|104.226594044
(1, 4)|South|177.021841688
(1, 3)|South|297.999546714
(1, 2)|South|498.896091177
(1, 5)|South|104.423896238
(1, 4)|South|177.177418956
(1, 3)|South|298.067168312
(1, 2)|South|498.916872941
(1, 5)|South|104.600407265
(1, 4)|South|177.309995362
(1, 3)|South|298.123759403
(1, 2)|South|498.933498353
(1, 5)|South|104.757525255
(1, 4)|South|177.422847418
(1, 3)|South|298.171027324
(1, 2)|South|498.946798682
(1, 5)|South|104.896761895
(1, 4)|South|177.518801214
(1, 3)|South|298.210437701
(1, 2)|South|498.957438946
(1, 5)|South|105.019665661
(1, 4)|South|177.600293495
(1, 3)|South|298.243242835
(1, 2)|South|498.965951157
(1, 5)|South|105.127767748
(1, 4)|South|177.669423936
(1, 3)|South|298.270508407
(1, 2)|South|498.972760925
(1, 5)|South|105.222545071
(1, 4)|South|177.728000158
(1, 3)|South|298.293138036
(1, 2)|South|498.97820874
(1, 5)|South|105.305396076
(1, 4)|South|177.777576691
(1, 3)|South|298.311895478
(1, 2)|South|498.982566992
(1, 5)|South|105.377626063
(1, 4)|South|177.81948881
(1, 3)|South|298.327424421
(1, 2)|South|498.986053594
(1, 5)|South|105.440439508
(1, 4)|South|177.854881978
(1, 3)|South|298.340265968
(1, 2)|South|498.988842875
(1, 5)|South|105.494937444
(1, 4)|South|177.884737499
(1, 3)|South|298.35087392
(1, 2)|South|498.9910743
(1, 5)|South|105.542118455
(1, 4)|South|177.909894869
(1, 3)|South|298.359628052
(1, 2)|South|498.99285944
(1, 5)|South|105.582882148
(1, 4)|South|177.931071262
(1, 3)|South|298.366845574
(1, 2)|South|498.994287552
(1, 5)|South|105.61803427
(1, 4)|South|177.948878478
(1, 3)|South|298.372790966
(1, 2)|South|498.995430042
(1, 5)|South|105.648292833
(1, 4)|South|177.963837699
(1, 3)|South|298.377684377
(1, 2)|South|498.996344033
(1, 5)|South|105.674294791
(1, 4)|South|177.976392284
(1, 3)|East|203.958337707
(2, 3)|West|177.302960001
(1, 3)|South|298.381708786
(1, 2)|South|498.997075227
(1, 5)|South|105.696602907
(1, 4)|South|177.986918882
(1, 3)|South|298.385016056
(1, 2)|South|498.997660181
(1, 5)|South|105.715712591
(1, 4)|South|177.995737032
(1, 3)|South|298.387732067
(1, 2)|South|498.998128145
(1, 5)|South|105.732058517
(1, 4)|South|178.003117474
(1, 3)|South|298.389961031
(1, 2)|South|498.998502516
(1, 5)|South|105.74602091
(1, 4)|South|178.009289303
(1, 3)|South|298.391789126
(1, 2)|South|498.998802013
(1, 5)|South|105.757931444
(1, 4)|South|178.014446137
(1, 3)|South|298.393287543
(1, 2)|South|498.99904161
(1, 5)|South|105.768078692
(1, 4)|South|178.018751415
(1, 3)|South|298.394515027
(1, 2)|South|498.999233288
(1, 5)|South|105.776713123
(1, 4)|South|178.022342935
(1, 3)|South|298.395520016
(1, 2)|South|498.999386631
(1, 5)|South|105.784051651
(1, 4)|South|178.02533675
(1, 3)|South|298.396342409
(1, 2)|South|498.999509304
(1, 5)|South|105.790281731
(1, 4)|South|178.027830489
(1, 3)|South|298.397015044
(1, 2)|South|498.999607444
(1, 5)|South|105.795565043
(1, 4)|South|178.029906197
(1, 3)|South|298.397564928
(1, 2)|North|237.094525713
(1, 3)|South|298.398004836
(1, 2)|South|498.999685955
(1, 5)|South|105.800040778
(1, 4)|South|178.031685538
(1, 3)|South|298.398366183
(1, 2)|South|498.999748764
(1, 5)|South|105.803834887
(1, 4)|South|178.033152372
(1, 3)|South|298.398662798
(1, 2)|South|498.999799011
(1, 5)|South|105.807046194
(1, 4)|South|178.034361433
(1, 3)|South|298.39890612
(1, 2)|South|498.999839209
(1, 5)|South|105.809760327
(1, 4)|South|178.035357881
(1, 3)|South|298.399105601
(1, 2)|South|498.999871367
(1, 5)|South|105.812051208
(1, 4)|South|178.036178977
(1, 3)|South|298.399269045
(1, 2)|South|498.999897094
(1, 5)|South|105.813982443
(1, 4)|South|178.036855467
(1, 3)|South|298.399402887
(1, 2)|South|498.999917675
(1, 5)|South|105.815608611
(1, 4)|South|178.03741272
(1, 3)|South|298.399512431
(1, 2)|South|498.99993414
(1, 5)|South|105.816976415
(1, 4)|South|178.037871668
(1, 3)|South|298.399602041
(1, 2)|South|498.999947312
(1, 5)|South|105.818125732
(1, 4)|South|178.038249579
(1, 3)|South|298.399675311
(1, 2)|South|498.99995785
(1, 5)|South|105.819090535
(1, 4)|South|178.038560701
(1, 3)|South|298.39973519
(1, 2)|South|498.99996628
(1, 5)|South|105.819899712
(1, 4)|South|178.038816783
(1, 3)|South|298.399784106
(1, 2)|South|498.999973024
(1, 5)|East|87.8524798136
(2, 5)|South|99.7258585045
(2, 4)|South|117.728963844
(2, 3)|West|177.450342094
(1, 3)|South|298.399824048
(1, 2)|South|498.999978419
(1, 5)|South|105.820577784
(1, 4)|South|178.039032312
(1, 3)|South|298.399856648
(1, 2)|South|498.999982735
(1, 5)|South|105.821146105
(1, 4)|South|178.039208648
(1, 3)|South|298.399883247
(1, 2)|East|227.749663997
(2, 2)|South|287.421508527
(2, 1)|West|493.63392518
(1, 5)|South|105.821621921
(1, 4)|South|178.039352908
(1, 3)|South|298.399904526
(1, 2)|South|498.999986188
(1, 5)|South|105.822019886
(1, 4)|South|178.039470869
(1, 3)|South|298.399921963
(1, 2)|South|498.999988951
(1, 5)|South|105.822352413
(1, 4)|South|178.039567331
(1, 3)|South|298.399936245
(1, 2)|South|498.99999116
(1, 5)|South|105.82263001
(1, 4)|South|178.039646214
(1, 3)|South|298.399947935
(1, 2)|South|498.999992928
(1, 5)|South|105.822861554
(1, 4)|South|178.039710724
(1, 3)|East|184.260711217
(2, 3)|West|177.568267427
(1, 3)|South|298.399957499
(1, 2)|East|216.490312221
(2, 2)|South|288.973277844
(2, 1)|West|494.707140144
(1, 5)|South|105.82305453
(1, 4)|South|178.039763479
(1, 3)|South|298.399965151
(1, 2)|South|498.999994343
(1, 5)|South|105.823215241
(1, 4)|South|178.039806601
(1, 3)|South|298.399971442
(1, 2)|South|498.999995474
(1, 5)|South|105.823348985
(1, 4)|South|178.039841854
(1, 3)|South|298.39997661
(1, 2)|South|498.999996379
(1, 5)|South|105.823460211
(1, 4)|South|178.039870676
(1, 3)|South|298.399980854
(1, 2)|South|498.999997103
(1, 5)|South|105.82355265
(1, 4)|South|178.039894244
(1, 3)|South|298.399984335
(1, 2)|South|498.999997683
(1, 5)|South|105.823629429
(1, 4)|South|178.039913515
(1, 3)|South|298.39998719
(1, 2)|South|498.999998146
(1, 5)|South|105.823693165
(1, 4)|South|178.039929275
(1, 3)|South|298.39998953
(1, 2)|South|498.999998517
(1, 5)|South|105.823746045
(1, 4)|South|178.039942163
(1, 3)|South|298.399991446
(1, 2)|South|498.999998814
(1, 5)|South|105.823789896
(1, 4)|South|178.039952704
(1, 3)|South|298.399993014
(1, 2)|South|498.999999051
(1, 5)|South|105.823826241
(1, 4)|South|178.039961325
(1, 3)|South|298.399994298
(1, 2)|South|498.999999241
(1, 5)|South|105.823856352
(1, 4)|South|178.039968376
(1, 3)|South|298.399995347
(1, 2)|North|225.283620012
(1, 3)|South|298.399996186
(1, 2)|South|498.999999393
(1, 5)|South|105.823881287
(1, 4)|South|178.039974243
(1, 3)|South|298.399996876
(1, 2)|South|498.999999514
(1, 5)|South|105.823901938
(1, 4)|South|178.03997902
(1, 3)|South|298.399997443
(1, 2)|South|498.999999611
(1, 5)|South|105.823919033
(1, 4)|South|178.039982909
(1, 3)|South|298.399997907
(1, 2)|South|498.999999689
(1, 5)|South|105.823933176
(1, 4)|South|178.039986076
(1, 3)|South|298.399998289
(1, 2)|South|498.999999751
(1, 5)|South|105.82394487
(1, 4)|South|178.039988655
(1, 3)|South|298.399998601
(1, 2)|South|498.999999801
(1, 5)|South|105.823954534
(1, 4)|South|178.039990756
(1, 3)|South|298.399998857
(1, 2)|South|498.999999841
(1, 5)|South|105.823962518
(1, 4)|South|178.039992468
(1, 3)|South|298.399999066
(1, 2)|South|498.999999873
(1, 5)|South|105.823969111
(1, 4)|South|178.039993862
(1, 3)|South|298.399999238
(1, 2)|South|498.999999898
(1, 5)|South|105.823974552
(1, 4)|South|178.039994998
(1, 3)|South|298.399999378
(1, 2)|South|498.999999918
(1, 5)|South|105.823979041
(1, 4)|South|178.039995924
(1, 3)|North|199.441526903
(1, 4)|South|178.039996665
(1, 3)|East|168.516761065
(2, 3)|West|177.662613867
(1, 3)|South|298.399999493
(1, 2)|South|498.999999935
(1, 5)|South|105.823982833
(1, 4)|South|178.039997271
(1, 3)|South|298.399999586
(1, 2)|South|498.999999948
(1, 5)|South|105.823985939
(1, 4)|South|178.039997767
(1, 3)|South|298.399999663
(1, 2)|South|498.999999958
(1, 5)|South|105.823988483
(1, 4)|South|178.039998173
(1, 3)|South|298.399999725
(1, 2)|South|498.999999967
(1, 5)|South|105.823990567
(1, 4)|South|178.039998506
(1, 3)|South|298.399999776
(1, 2)|South|498.999999973
(1, 5)|South|105.823992274
(1, 4)|South|178.039998778
(1, 3)|South|298.399999818
(1, 2)|South|498.999999979
(1, 5)|South|105.823993673
(1, 4)|South|178.039999
(1, 3)|South|298.399999852
(1, 2)|South|498.999999983
(1, 5)|South|105.823994818
(1, 4)|South|178.039999182
(1, 3)|South|298.399999879
(1, 2)|South|498.999999986
(1, 5)|South|105.823995757
(1, 4)|South|178.039999331
(1, 3)|South|298.399999902
(1, 2)|South|498.999999989
(1, 5)|South|105.823996525
(1, 4)|South|178.039999453
(1, 3)|South|298.39999992
(1, 2)|South|498.999999991
(1, 5)|South|105.823997154
(1, 4)|South|178.039999553
(1, 3)|South|298.399999935
(1, 2)|South|498.999999993
(1, 5)|South|105.82399767
(1, 4)|South|178.039999635
(1, 3)|South|298.399999947
(1, 2)|South|498.999999994
(1, 5)|South|105.823998092
(1, 4)|South|178.039999701
(1, 3)|South|298.399999957
(1, 2)|South|498.999999996
(1, 5)|South|105.823998438
(1, 4)|South|178.039999756
(1, 3)|South|298.399999965
(1, 2)|East|207.669043118
(2, 2)|South|290.343479092
(2, 1)|West|495.565712115
(1, 5)|South|105.823998721
(1, 4)|South|178.039999801
(1, 3)|South|298.399999972
(1, 2)|South|498.999999996
(1, 5)|South|105.823998953
(1, 4)|South|178.039999837
(1, 3)|South|298.399999977
(1, 2)|South|498.999999997
(1, 5)|South|105.823999143
(1, 4)|South|178.039999867
(1, 3)|South|298.399999981
(1, 2)|South|498.999999998
(1, 5)|South|105.823999298
(1, 4)|South|178.039999891
(1, 3)|South|298.399999985
(1, 2)|South|498.999999998
(1, 5)|South|105.823999426
(1, 4)|South|178.039999911
(1, 3)|South|298.399999987
(1, 2)|South|498.999999999
(1, 5)|South|105.82399953
(1, 4)|South|178.039999927
(1, 3)|South|298.39999999
(1, 2)|South|498.999999999
(1, 5)|South|105.823999615
(1, 4)|South|178.039999941
(1, 3)|South|298.399999992
(1, 2)|South|498.999999999
(1, 5)|South|105.823999685
(1, 4)|South|178.039999952
(1, 3)|South|298.399999993
(1, 2)|South|498.999999999
(1, 5)|South|105.823999742
(1, 4)|South|178.03999996
(1, 3)|South|298.399999995
(1, 2)|South|498.999999999
(1, 5)|South|105.823999789
(1, 4)|South|178.039999968
(1, 3)|South|298.399999996
(1, 2)|South|499.0
(1, 5)|South|105.823999827
(1, 4)|South|178.039999974
(1, 3)|South|298.399999996
(1, 2)|South|499.0
(1, 5)|South|105.823999859
(1, 4)|South|178.039999978
(1, 3)|South|298.399999997
(1, 2)|East|200.776451985
(2, 2)|South|291.542668728
(2, 1)|West|496.252569692
(1, 5)|South|105.823999884
(1, 4)|South|178.039999982
(1, 3)|South|298.399999998
(1, 2)|South|499.0
(1, 5)|South|105.823999905
(1, 4)|South|178.039999986
(1, 3)|South|298.399999998
(1, 2)|South|499.0
(1, 5)|South|105.823999923
(1, 4)|South|178.039999988
(1, 3)|South|298.399999998
(1, 2)|South|499.0
(1, 5)|South|105.823999937
(1, 4)|South|178.03999999
(1, 3)|South|298.399999999
(1, 2)|South|499.0
(1, 5)|South|105.823999948
(1, 4)|South|178.039999992
(1, 3)|South|298.399999999
(1, 2)|South|499.0
(1, 5)|South|105.823999958
(1, 4)|South|178.039999994
(1, 3)|South|298.399999999
(1, 2)|South|499.0
(1, 5)|South|105.823999965
(1, 4)|South|178.039999995
(1, 3)|South|298.399999999
(1, 2)|South|499.0
(1, 5)|South|105.823999972
(1, 4)|South|178.039999996
(1, 3)|South|298.399999999
(1, 2)|South|499.0
(1, 5)|South|105.823999977
(1, 4)|South|178.039999997
(1, 3)|South|298.4
(1, 2)|South|499.0
(1, 5)|South|105.823999981
(1, 4)|South|178.039999997
(1, 3)|South|298.4
(1, 2)|South|499.0
(1, 5)|South|105.823999984
(1, 4)|South|178.039999998
(1, 3)|South|298.4
(1, 2)|South|499.0
(1, 5)|South|105.823999987
(1, 4)|South|178.039999998
(1, 3)|South|298.4
(1, 2)|South|499.0
(1, 5)|South|105.82399999
(1, 4)|South|178.039999998
(1, 3)|South|298.4
(1, 2)|South|499.0
(1, 5)|South|105.823999992
(1, 4)|South|178.039999999
(1, 3)|South|298.4
(1, 2)|South|499.0
(1, 5)|South|105.823999993
(1, 4)|South|178.039999999
(1, 3)|South|298.4
(1, 2)|South|499.0
(1, 5)|South|105.823999994
(1, 4)|South|178.039999999
(1, 3)|South|298.4
(1, 2)|South|499.0
(1, 5)|South|105.823999995
(1, 4)|South|178.039999999
(1, 3)|South|298.4
(1, 2)|South|499.0
(1, 5)|South|105.823999996
(1, 4)|South|178.039999999
(1, 3)|South|298.4
(1, 2)|South|499.0
(1, 5)|South|105.823999997
(1, 4)|South|178.04
(1, 3)|South|298.4
(1, 2)|South|499.0
(1, 5)|South|105.823999997
(1, 4)|South|178.04
(1, 3)|South|298.4
(1, 2)|South|499.0
(1, 5)|South|105.823999998
(1, 4)|South|178.04
(1, 3)|South|298.4
(1, 2)|East|195.406281835
(2, 2)|South|292.584443345
(2, 1)|West|496.802055754
(1, 5)|South|105.823999998
(1, 4)|South|178.04
(1, 3)|South|298.4
(1, 2)|South|499.0
(1, 5)|South|105.823999999
(1, 4)|South|178.04
(1, 3)|South|298.4
(1, 2)|South|499.0
(1, 5)|South|105.823999999
(1, 4)|South|178.04
(1, 3)|South|298.4
(1, 2)|East|191.23515867
(2, 2)|South|293.483801367
(2, 1)|West|497.241644603
(1, 5)|South|105.823999999
(1, 4)|South|178.04
(1, 3)|South|298.4
(1, 2)|South|499.0
(1, 5)|South|105.823999999
(1, 4)|South|178.04
(1, 3)|South|298.4
(1, 2)|South|499.0
(1, 5)|South|105.823999999
(1, 4)|South|178.04
(1, 3)|South|298.4
(1, 2)|South|499.0
(1, 5)|South|105.823999999
(1, 4)|South|178.04
(1, 3)|South|298.4
(1, 2)|South|499.0
(1, 5)|South|105.824
(1, 4)|South|178.04
(1, 3)|South|298.4
(1, 2)|South|499.0
(1, 5)|South|105.824
(1, 4)|South|178.04
(1, 3)|South|298.4
(1, 2)|South|499.0
(1, 5)|South|105.824
(1, 4)|South|178.04
(1, 3)|South|298.4
(1, 2)|South|499.0
(1, 5)|South|105.824
(1, 4)|South|178.04
(1, 3)|South|298.4
(1, 2)|South|499.0
(1, 5)|South|105.824
(1, 4)|South|178.04
(1, 3)|South|298.4
(1, 2)|South|499.0
(1, 5)|South|105.824
(1, 4)|South|178.04
(1, 3)|South|298.4
(1, 2)|South|499.0
(1, 5)|South|105.824
(1, 4)|South|178.04
(1, 3)|South|298.4
(1, 2)|South|499.0
(1, 5)|South|105.824
(1, 4)|South|178.04
(1, 3)|South|298.4
(1, 2)|South|499.0
(1, 5)|South|105.824
(1, 4)|South|178.04
(1, 3)|South|298.4
(1, 2)|South|499.0
(1, 5)|South|105.824
(1, 4)|South|178.04
(1, 3)|South|298.4
(1, 2)|South|499.0
(1, 5)|South|105.824
(1, 4)|South|178.04
(1, 3)|South|298.4
(1, 2)|South|499.0
(1, 5)|South|105.824
(1, 4)|South|178.04
(1, 3)|South|298.4
(1, 2)|South|499.0
(1, 5)|South|105.824
(1, 4)|South|178.04
(1, 3)|South|298.4
(1, 2)|South|499.0
(1, 5)|South|105.824
(1, 4)|South|178.04
(1, 3)|South|298.4
(1, 2)|South|499.0
(1, 5)|South|105.824
(1, 4)|South|178.04
(1, 3)|South|298.4
(1, 2)|South|499.0
(1, 5)|South|105.824
(1, 4)|South|178.04
(1, 3)|East|155.932922516
(2, 3)|West|177.738091094
(1, 3)|South|298.4
(1, 2)|South|499.0
(1, 5)|South|105.824
(1, 4)|South|178.04
(1, 3)|North|180.718021523
(1, 4)|South|178.04
(1, 3)|South|298.4
(1, 2)|South|499.0
(1, 5)|South|105.824
(1, 4)|South|178.04
(1, 3)|South|298.4
(1, 2)|South|499.0
(1, 5)|South|105.824
(1, 4)|South|178.04
(1, 3)|South|298.4
(1, 2)|South|499.0
(1, 5)|South|105.824
(1, 4)|South|178.04
(1, 3)|South|298.4
(1, 2)|South|499.0
(1, 5)|South|105.824
(1, 4)|South|178.04
(1, 3)|South|298.4
(1, 2)|South|499.0
(1, 5)|South|105.824
(1, 4)|South|178.04
(1, 3)|South|298.4
(1, 2)|South|499.0
(1, 5)|South|105.824
(1, 4)|South|178.04
(1, 3)|South|298.4
(1, 2)|South|499.0
(1, 5)|East|82.0490868714
(2, 5)|South|93.7081624649
(2, 4)|South|115.311742006
(2, 3)|West|177.798472875
(1, 3)|South|298.4
(1, 2)|South|499.0
(1, 5)|South|105.824
(1, 4)|South|178.04
(1, 3)|South|298.4
(1, 2)|South|499.0
(1, 5)|South|105.824
(1, 4)|South|178.04
(1, 3)|South|298.4
(1, 2)|South|499.0
(1, 5)|South|105.824
(1, 4)|South|178.04
(1, 3)|South|298.4
(1, 2)|South|499.0
(1, 5)|South|105.824
(1, 4)|South|178.04
(1, 3)|South|298.4
(1, 2)|South|499.0
(1, 5)|South|105.824
(1, 4)|South|178.04
(1, 3)|South|298.4
(1, 2)|South|499.0
(1, 5)|South|105.824
(1, 4)|South|178.04
(1, 3)|South|298.4
(1, 2)|South|499.0
(1, 5)|South|105.824
(1, 4)|South|178.04
(1, 3)|South|298.4
(1, 2)|South|499.0
(1, 5)|South|105.824
(1, 4)|South|178.04
(1, 3)|South|298.4
(1, 2)|South|499.0
(1, 5)|South|105.824
(1, 4)|South|178.04
(1, 3)|South|298.4
(1, 2)|South|499.0
(1, 5)|South|105.824
(1, 4)|South|178.04
(1, 3)|South|298.4
(1, 2)|South|499.0
(1, 5)|South|105.824
(1, 4)|East|106.50431333
(2, 4)|South|113.38521035
(2, 3)|West|177.8467783
(1, 3)|South|298.4
(1, 2)|South|499.0
(1, 5)|South|105.824
(1, 4)|South|178.04
(1, 3)|South|298.4
(1, 2)|South|499.0
(1, 5)|South|105.824
(1, 4)|South|178.04
(1, 3)|South|298.4
(1, 2)|South|499.0
(1, 5)|South|105.824
(1, 4)|South|178.04
(1, 3)|South|298.4
(1, 2)|South|499.0
(1, 5)|South|105.824
(1, 4)|South|178.04
(1, 3)|South|298.4
(1, 2)|South|499.0
(1, 5)|South|105.824
(1, 4)|South|178.04
(1, 3)|South|298.4
(1, 2)|South|499.0
(1, 5)|South|105.824
(1, 4)|South|178.04
(1, 3)|South|298.4
(1, 2)|South|499.0
(1, 5)|South|105.824
(1, 4)|South|178.04
(1, 3)|East|145.887951409
(2, 3)|West|177.88542264
(1, 3)|South|298.4
(1, 2)|South|499.0
(1, 5)|South|105.824
(1, 4)|South|178.04
(1, 3)|South|298.4
(1, 2)|South|499.0
(1, 5)|South|105.824
(1, 4)|South|178.04
(1, 3)|South|298.4
(1, 2)|South|499.0
(1, 5)|East|76.6842489929
(2, 5)|South|88.3727552139
(2, 4)|South|111.854418997
(2, 3)|West|177.916338112
(1, 3)|South|298.4
(1, 2)|South|499.0
(1, 5)|South|105.824
(1, 4)|South|178.04
(1, 3)|South|298.4
(1, 2)|South|499.0
(1, 5)|South|105.824
(1, 4)|South|178.04
(1, 3)|South|298.4
(1, 2)|South|499.0
(1, 5)|South|105.824
(1, 4)|South|178.04
(1, 3)|South|298.4
(1, 2)|South|499.0
(1, 5)|South|105.824
(1, 4)|South|178.04
(1, 3)|South|298.4
(1, 2)|South|499.0
(1, 5)|South|105.824
(1, 4)|South|178.04
(1, 3)|South|298.4
(1, 2)|South|499.0
(1, 5)|South|105.824
(1, 4)|South|178.04
(1, 3)|South|298.4
(1, 2)|South|499.0
(1, 5)|South|105.824
(1, 4)|South|178.04
(1, 3)|South|298.4
(1, 2)|South|499.0
(1, 5)|South|105.824
(1, 4)|South|178.04
(1, 3)|South|298.4
(1, 2)|South|499.0
(1, 5)|South|105.824
(1, 4)|South|178.04
(1, 3)|South|298.4
(1, 2)|South|499.0
(1, 5)|South|105.824
(1, 4)|South|178.04
(1, 3)|South|298.4
(1, 2)|South|499.0
(1, 5)|South|105.824
(1, 4)|South|178.04
(1, 3)|South|298.4
(1, 2)|South|499.0
(1, 5)|South|105.824
(1, 4)|South|178.04
(1, 3)|South|298.4
(1, 2)|South|499.0
(1, 5)|South|105.824
(1, 4)|South|178.04
(1, 3)|South|298.4
(1, 2)|South|499.0
(1, 5)|South|105.824
(1, 4)|South|178.04
(1, 3)|South|298.4
(1, 2)|South|499.0
(1, 5)|South|105.824
(1, 4)|South|178.04
(1, 3)|South|298.4
(1, 2)|South|499.0
(1, 5)|South|105.824
(1, 4)|South|178.04
(1, 3)|South|298.4
(1, 2)|South|499.0
(1, 5)|South|105.824
(1, 4)|South|178.04
(1, 3)|South|298.4
(1, 2)|South|499.0
(1, 5)|South|105.824
(1, 4)|South|178.04
(1, 3)|South|298.4
(1, 2)|South|499.0
(1, 5)|South|105.824
(1, 4)|South|178.04
(1, 3)|South|298.4
(1, 2)|South|499.0
(1, 5)|South|105.824
(1, 4)|South|178.04
(1, 3)|South|298.4
(1, 2)|South|499.0
(1, 5)|South|105.824
(1, 4)|South|178.04
(1, 3)|South|298.4
(1, 2)|South|499.0
(1, 5)|South|105.824
(1, 4)|South|178.04
(1, 3)|South|298.4
(1, 2)|South|499.0
(1, 5)|South|105.824
(1, 4)|South|178.04
(1, 3)|South|298.4
(1, 2)|South|499.0
(1, 5)|South|105.824
(1, 4)|South|178.04
(1, 3)|South|298.4
(1, 2)|South|499.0
(1, 5)|South|105.824
(1, 4)|North|129.371346587
(1, 5)|South|105.824
(1, 4)|South|178.04
(1, 3)|South|298.4
(1, 2)|South|499.0
(1, 5)|South|105.824
(1, 4)|South|178.04
(1, 3)|South|298.4
(1, 2)|South|499.0
(1, 5)|South|105.824
(1, 4)|South|178.04
(1, 3)|South|298.4
(1, 2)|South|499.0
(1, 5)|South|105.824
(1, 4)|South|178.04
(1, 3)|South|298.4
(1, 2)|South|499.0
(1, 5)|South|105.824
(1, 4)|South|178.04
(1, 3)|South|298.4
(1, 2)|South|499.0
(1, 5)|South|105.824
(1, 4)|South|178.04
(1, 3)|South|298.4
(1, 2)|South|499.0
(1, 5)|South|105.824
(1, 4)|South|178.04
(1, 3)|South|298.4
(1, 2)|South|499.0
(1, 5)|South|105.824
(1, 4)|South|178.04
(1, 3)|South|298.4
(1, 2)|South|499.0
(1, 5)|South|105.824
(1, 4)|South|178.04
(1, 3)|South|298.4
(1, 2)|South|499.0
(1, 5)|South|105.824
(1, 4)|South|178.04
(1, 3)|South|298.4
(1, 2)|South|499.0
(1, 5)|South|105.824
(1, 4)|South|178.04
(1, 3)|South|298.4
(1, 2)|South|499.0
(1, 5)|South|105.824
(1, 4)|South|178.04
(1, 3)|South|298.4
(1, 2)|South|499.0
(1, 5)|South|105.824
(1, 4)|South|178.04
(1, 3)|South|298.4
(1, 2)|South|499.0
(1, 5)|South|105.824
(1, 4)|South|178.04
(1, 3)|South|298.4
(1, 2)|South|499.0
(1, 5)|South|105.824
(1, 4)|South|178.04
(1, 3)|South|298.4
(1, 2)|South|499.0
(1, 5)|South|105.824
(1, 4)|South|178.04
(1, 3)|South|298.4
(1, 2)|South|499.0
(1, 5)|South|105.824
(1, 4)|South|178.04
(1, 3)|South|298.4
(1, 2)|South|499.0
(1, 5)|South|105.824
(1, 4)|South|178.04
(1, 3)|South|298.4
(1, 2)|South|499.0
(1, 5)|South|105.824
(1, 4)|South|178.04
(1, 3)|South|298.4
(1, 2)|South|499.0
(1, 5)|South|105.824
(1, 4)|South|178.04
(1, 3)|South|298.4
(1, 2)|South|499.0
(1, 5)|South|105.824
(1, 4)|South|178.04
(1, 3)|South|298.4
(1, 2)|South|499.0
(1, 5)|South|105.824
(1, 4)|North|115.995957269
(1, 5)|South|105.824
(1, 4)|South|178.04
(1, 3)|South|298.4
(1, 2)|South|499.0
(1, 5)|South|105.824
(1, 4)|South|178.04
(1, 3)|South|298.4
(1, 2)|South|499.0
(1, 5)|South|105.824
(1, 4)|South|178.04
(1, 3)|South|298.4
(1, 2)|South|499.0
(1, 5)|East|71.75212982
(2, 5)|South|83.9207344508
(2, 4)|South|110.633495771
(2, 3)|West|177.94107049
(1, 3)|South|298.4
(1, 2)|South|499.0
(1, 5)|South|105.824
(1, 4)|South|178.04
(1, 3)|South|298.4
(1, 2)|South|499.0
(1, 5)|South|105.824
(1, 4)|North|105.295645815
(1, 5)|South|105.824
(1, 4)|South|178.04
(1, 3)|South|298.4
(1, 2)|South|499.0
(1, 5)|South|105.824
(1, 4)|South|178.04
(1, 3)|South|298.4
(1, 2)|South|499.0
(1, 5)|South|105.824
(1, 4)|South|178.04
(1, 3)|South|298.4
(1, 2)|South|499.0
(1, 5)|South|105.824
(1, 4)|South|178.04
(1, 3)|South|298.4
(1, 2)|South|499.0
(1, 5)|South|105.824
(1, 4)|South|178.04
(1, 3)|South|298.4
(1, 2)|North|215.83489601
(1, 3)|South|298.4
(1, 2)|South|499.0
(1, 5)|South|105.824
(1, 4)|South|178.04
(1, 3)|South|298.4
(1, 2)|South|499.0
(1, 5)|South|105.824
(1, 4)|South|178.04
(1, 3)|South|298.4
(1, 2)|South|499.0
(1, 5)|South|105.824
(1, 4)|South|178.04
(1, 3)|South|298.4
(1, 2)|South|499.0
(1, 5)|South|105.824
(1, 4)|South|178.04
(1, 3)|South|298.4
(1, 2)|South|499.0
(1, 5)|South|105.824
(1, 4)|South|178.04
(1, 3)|South|298.4
(1, 2)|South|499.0
(1, 5)|South|105.824
(1, 4)|South|178.04
(1, 3)|South|298.4
(1, 2)|South|499.0
(1, 5)|South|105.824
(1, 4)|South|178.04
(1, 3)|South|298.4
(1, 2)|South|499.0
(1, 5)|South|105.824
(1, 4)|South|178.04
(1, 3)|South|298.4
(1, 2)|South|499.0
(1, 5)|South|105.824
(1, 4)|South|178.04
(1, 3)|South|298.4
(1, 2)|East|188.0061831
(2, 2)|South|294.256038446
(2, 1)|West|497.593315682
(1, 5)|South|105.824
(1, 4)|South|178.04
(1, 3)|South|298.4
(1, 2)|South|499.0
(1, 5)|East|67.2721919901
(2, 5)|South|80.2126070531
(2, 4)|South|109.659725076
(2, 3)|West|177.960856392
(1, 3)|South|298.4
(1, 2)|South|499.0
(1, 5)|South|105.824
(1, 4)|North|96.7353966523
(1, 5)|East|63.2432664385
(2, 5)|South|77.1292526516
(2, 4)|South|108.883082827
(2, 3)|West|177.976685113
(1, 3)|South|298.4
(1, 2)|South|499.0
(1, 5)|South|105.824
(1, 4)|South|178.04
(1, 3)|South|298.4
(1, 2)|South|499.0
(1, 5)|South|105.824
(1, 4)|South|178.04
(1, 3)|South|298.4
(1, 2)|South|499.0
(1, 5)|South|105.824
(1, 4)|North|89.8871973219
(1, 5)|South|105.824
(1, 4)|South|178.04
(1, 3)|South|298.4
(1, 2)|South|499.0
(1, 5)|South|105.824
(1, 4)|South|178.04
(1, 3)|South|298.4
(1, 2)|North|208.275916808
(1, 3)|South|298.4
(1, 2)|South|499.0
(1, 5)|South|105.824
(1, 4)|South|178.04
(1, 3)|South|298.4
(1, 2)|North|202.228733446
(1, 3)|South|298.4
(1, 2)|South|499.0
(1, 5)|South|105.824
(1, 4)|East|98.0694206032
(2, 4)|South|108.263668476
(2, 3)|West|177.989348091
(1, 3)|South|298.4
(1, 2)|South|499.0
(1, 5)|South|105.824
(1, 4)|South|178.04
(1, 3)|South|298.4
(1, 2)|South|499.0
(1, 5)|South|105.824
(1, 4)|South|178.04
(1, 3)|South|298.4
(1, 2)|South|499.0
(1, 5)|South|105.824
(1, 4)|South|178.04
(1, 3)|South|298.4
(1, 2)|South|499.0
(1, 5)|South|105.824
(1, 4)|South|178.04
(1, 3)|South|298.4
(1, 2)|South|499.0
(1, 5)|South|105.824
(1, 4)|South|178.04
(1, 3)|South|298.4
(1, 2)|South|499.0
(1, 5)|South|105.824
(1, 4)|South|178.04
(1, 3)|South|298.4
(1, 2)|South|499.0
(1, 5)|South|105.824
(1, 4)|South|178.04
(1, 3)|South|298.4
(1, 2)|South|499.0
(1, 5)|South|105.824
(1, 4)|South|178.04
(1, 3)|South|298.4
(1, 2)|South|499.0
(1, 5)|South|105.824
(1, 4)|South|178.04
(1, 3)|South|298.4
(1, 2)|South|499.0
(1, 5)|South|105.824
(1, 4)|South|178.04
(1, 3)|South|298.4
(1, 2)|South|499.0
(1, 5)|South|105.824
(1, 4)|South|178.04
(1, 3)|South|298.4
(1, 2)|South|499.0
(1, 5)|South|105.824
(1, 4)|South|178.04
(1, 3)|South|298.4
(1, 2)|South|499.0
(1, 5)|South|105.824
(1, 4)|South|178.04
(1, 3)|South|298.4
(1, 2)|South|499.0
(1, 5)|South|105.824
(1, 4)|East|91.2471766997
(2, 4)|South|107.769656551
(2, 3)|West|177.999478473
(1, 3)|South|298.4
(1, 2)|South|499.0
(1, 5)|South|105.824
(1, 4)|South|178.04
(1, 3)|South|298.4
(1, 2)|South|499.0
(1, 5)|South|105.824
(1, 4)|East|85.7301001459
(2, 4)|South|107.375662658
(2, 3)|West|178.007582778
(1, 3)|South|298.4
(1, 2)|South|499.0
(1, 5)|South|105.824
(1, 4)|South|178.04
(1, 3)|South|298.4
(1, 2)|South|499.0
(1, 5)|South|105.824
(1, 4)|South|178.04
(1, 3)|South|298.4
(1, 2)|South|499.0
(1, 5)|South|105.824
(1, 4)|South|178.04
(1, 3)|South|298.4
(1, 2)|South|499.0
(1, 5)|South|105.824
(1, 4)|South|178.04
(1, 3)|South|298.4
(1, 2)|South|499.0
(1, 5)|South|105.824
(1, 4)|South|178.04
(1, 3)|South|298.4
(1, 2)|South|499.0
(1, 5)|South|105.824
(1, 4)|South|178.04
(1, 3)|South|298.4
(1, 2)|South|499.0
(1, 5)|South|105.824
(1, 4)|South|178.04
(1, 3)|South|298.4
(1, 2)|South|499.0
(1, 5)|South|105.824
(1, 4)|South|178.04
(1, 3)|South|298.4
(1, 2)|South|499.0
(1, 5)|South|105.824
(1, 4)|South|178.04
(1, 3)|South|298.4
(1, 2)|South|499.0
(1, 5)|South|105.824
(1, 4)|South|178.04
(1, 3)|South|298.4
(1, 2)|South|499.0
(1, 5)|South|105.824
(1, 4)|South|178.04
(1, 3)|South|298.4
(1, 2)|South|499.0
(1, 5)|South|105.824
(1, 4)|South|178.04
(1, 3)|South|298.4
(1, 2)|South|499.0
(1, 5)|South|105.824
(1, 4)|South|178.04
(1, 3)|South|298.4
(1, 2)|North|197.390986757
(1, 3)|South|298.4
(1, 2)|South|499.0
(1, 5)|South|105.824
(1, 4)|South|178.04
(1, 3)|South|298.4
(1, 2)|South|499.0
(1, 5)|South|105.824
(1, 4)|South|178.04
(1, 3)|South|298.4
(1, 2)|South|499.0
(1, 5)|South|105.824
(1, 4)|South|178.04
(1, 3)|South|298.4
(1, 2)|South|499.0
(1, 5)|South|105.824
(1, 4)|South|178.04
(1, 3)|South|298.4
(1, 2)|South|499.0
(1, 5)|South|105.824
(1, 4)|South|178.04
(1, 3)|South|298.4
(1, 2)|North|193.520789406
(1, 3)|South|298.4
(1, 2)|South|499.0
(1, 5)|South|105.824
(1, 4)|South|178.04
(1, 3)|South|298.4
(1, 2)|South|499.0
(1, 5)|South|105.824
(1, 4)|South|178.04
(1, 3)|South|298.4
(1, 2)|South|499.0
(1, 5)|South|105.824
(1, 4)|South|178.04
(1, 3)|South|298.4
(1, 2)|South|499.0
(1, 5)|South|105.824
(1, 4)|South|178.04
(1, 3)|South|298.4
(1, 2)|South|499.0
(1, 5)|South|105.824
(1, 4)|South|178.04
(1, 3)|South|298.4
(1, 2)|South|499.0
(1, 5)|South|105.824
(1, 4)|South|178.04
(1, 3)|South|298.4
(1, 2)|South|499.0
(1, 5)|South|105.824
(1, 4)|South|178.04
(1, 3)|South|298.4
(1, 2)|South|499.0
(1, 5)|South|105.824
(1, 4)|South|178.04
(1, 3)|South|298.4
(1, 2)|South|499.0
(1, 5)|South|105.824
(1, 4)|South|178.04
(1, 3)|South|298.4
(1, 2)|South|499.0
(1, 5)|South|105.824
(1, 4)|South|178.04
(1, 3)|South|298.4
(1, 2)|South|499.0
(1, 5)|South|105.824
(1, 4)|South|178.04
(1, 3)|South|298.4
(1, 2)|South|499.0
(1, 5)|South|105.824
(1, 4)|South|178.04
(1, 3)|South|298.4
(1, 2)|South|499.0
(1, 5)|South|105.824
(1, 4)|South|178.04
(1, 3)|South|298.4
(1, 2)|South|499.0
(1, 5)|South|105.824
(1, 4)|East|81.2691596356
(2, 4)|South|107.06144006
(2, 3)|West|178.014066222
(1, 3)|South|298.4
(1, 2)|South|499.0
(1, 5)|South|105.824
(1, 4)|South|178.04
(1, 3)|South|298.4
(1, 2)|South|499.0
(1, 5)|South|105.824
(1, 4)|South|178.04
(1, 3)|East|137.872049074
(2, 3)|West|178.019252978
(1, 3)|South|298.4
(1, 2)|South|499.0
(1, 5)|South|105.824
(1, 4)|South|178.04
(1, 3)|South|298.4
(1, 2)|South|499.0
(1, 5)|South|105.824
(1, 4)|South|178.04
(1, 3)|South|298.4
(1, 2)|South|499.0
(1, 5)|South|105.824
(1, 4)|South|178.04
(1, 3)|South|298.4
(1, 2)|South|499.0
(1, 5)|South|105.824
(1, 4)|South|178.04
(1, 3)|South|298.4
(1, 2)|South|499.0
(1, 5)|South|105.824
(1, 4)|South|178.04
(1, 3)|South|298.4
(1, 2)|South|499.0
(1, 5)|South|105.824
(1, 4)|South|178.04
(1, 3)|South|298.4
(1, 2)|South|499.0
(1, 5)|South|105.824
(1, 4)|South|178.04
(1, 3)|South|298.4
(1, 2)|South|499.0
(1, 5)|South|105.824
(1, 4)|South|178.04
(1, 3)|South|298.4
(1, 2)|South|499.0
(1, 5)|South|105.824
(1, 4)|South|178.04
(1, 3)|South|298.4
(1, 2)|South|499.0
(1, 5)|South|105.824
(1, 4)|South|178.04
(1, 3)|South|298.4
(1, 2)|South|499.0
(1, 5)|South|105.824
(1, 4)|South|178.04
(1, 3)|South|298.4
(1, 2)|South|499.0
(1, 5)|South|105.824
(1, 4)|South|178.04
(1, 3)|South|298.4
(1, 2)|South|499.0
(1, 5)|South|105.824
(1, 4)|South|178.04
(1, 3)|South|298.4
(1, 2)|South|499.0
(1, 5)|South|105.824
(1, 4)|South|178.04
(1, 3)|South|298.4
(1, 2)|South|499.0
(1, 5)|South|105.824
(1, 4)|South|178.04
(1, 3)|South|298.4
(1, 2)|South|499.0
(1, 5)|South|105.824
(1, 4)|South|178.04
(1, 3)|South|298.4
(1, 2)|South|499.0
(1, 5)|South|105.824
(1, 4)|South|178.04
(1, 3)|South|298.4
(1, 2)|South|499.0
(1, 5)|South|105.824
(1, 4)|South|178.04
(1, 3)|South|298.4
(1, 2)|South|499.0
(1, 5)|South|105.824
(1, 4)|South|178.04
(1, 3)|South|298.4
(1, 2)|South|499.0
(1, 5)|South|105.824
(1, 4)|South|178.04
(1, 3)|South|298.4
(1, 2)|South|499.0
(1, 5)|South|105.824
(1, 4)|South|178.04
(1, 3)|South|298.4
(1, 2)|South|499.0
(1, 5)|South|105.824
(1, 4)|South|178.04
(1, 3)|South|298.4
(1, 2)|South|499.0
(1, 5)|South|105.824
(1, 4)|South|178.04
(1, 3)|South|298.4
(1, 2)|South|499.0
(1, 5)|South|105.824
(1, 4)|South|178.04
(1, 3)|South|298.4
(1, 2)|South|499.0
(1, 5)|South|105.824
(1, 4)|South|178.04
(1, 3)|South|298.4
(1, 2)|South|499.0
(1, 5)|South|105.824
(1, 4)|South|178.04
(1, 3)|South|298.4
(1, 2)|South|499.0
(1, 5)|South|105.824
(1, 4)|South|178.04
(1, 3)|South|298.4
(1, 2)|South|499.0
(1, 5)|South|105.824
(1, 4)|South|178.04
(1, 3)|South|298.4
(1, 2)|South|499.0
(1, 5)|South|105.824
(1, 4)|South|178.04
(1, 3)|South|298.4
(1, 2)|South|499.0
(1, 5)|South|105.824
(1, 4)|South|178.04
(1, 3)|South|298.4
(1, 2)|South|499.0
(1, 5)|South|105.824
(1, 4)|East|77.6627005157
(2, 4)|South|106.811462405
(2, 3)|West|178.023402382
(1, 3)|South|298.4
(1, 2)|South|499.0
(1, 5)|South|105.824
(1, 4)|South|178.04
(1, 3)|South|298.4
(1, 2)|South|499.0
(1, 5)|South|105.824
(1, 4)|South|178.04
(1, 3)|South|298.4
(1, 2)|South|499.0
(1, 5)|South|105.824
(1, 4)|South|178.04
(1, 3)|South|298.4
(1, 2)|South|499.0
(1, 5)|South|105.824
(1, 4)|South|178.04
(1, 3)|South|298.4
(1, 2)|South|499.0
(1, 5)|South|105.824
(1, 4)|South|178.04
(1, 3)|South|298.4
(1, 2)|North|190.424631524
(1, 3)|South|298.4
(1, 2)|South|499.0
(1, 5)|South|105.824
(1, 4)|South|178.04
(1, 3)|South|298.4
(1, 2)|South|499.0
(1, 5)|South|105.824
(1, 4)|South|178.04
(1, 3)|South|298.4
(1, 2)|South|499.0
(1, 5)|South|105.824
(1, 4)|South|178.04
(1, 3)|South|298.4
(1, 2)|South|499.0
(1, 5)|South|105.824
(1, 4)|South|178.04
(1, 3)|South|298.4
(1, 2)|South|499.0
(1, 5)|South|105.824
(1, 4)|South|178.04
(1, 3)|South|298.4
(1, 2)|South|499.0
(1, 5)|South|105.824
(1, 4)|South|178.04
(1, 3)|East|131.460447545
(2, 3)|West|178.026721906
(1, 3)|South|298.4
(1, 2)|South|499.0
(1, 5)|South|105.824
(1, 4)|South|178.04
(1, 3)|South|298.4
(1, 2)|South|499.0
(1, 5)|South|105.824
(1, 4)|South|178.04
(1, 3)|South|298.4
(1, 2)|South|499.0
(1, 5)|South|105.824
(1, 4)|South|178.04
(1, 3)|South|298.4
(1, 2)|South|499.0
(1, 5)|South|105.824
(1, 4)|South|178.04
(1, 3)|South|298.4
(1, 2)|South|499.0
(1, 5)|South|105.824
(1, 4)|South|178.04
(1, 3)|South|298.4
(1, 2)|South|499.0
(1, 5)|South|105.824
(1, 4)|South|178.04
(1, 3)|South|298.4
(1, 2)|South|499.0
(1, 5)|South|105.824
(1, 4)|South|178.04
(1, 3)|South|298.4
(1, 2)|South|499.0
(1, 5)|South|105.824
(1, 4)|South|178.04
(1, 3)|South|298.4
(1, 2)|South|499.0
(1, 5)|South|105.824
(1, 4)|South|178.04
(1, 3)|South|298.4
(1, 2)|South|499.0
(1, 5)|South|105.824
(1, 4)|South|178.04
(1, 3)|South|298.4
(1, 2)|South|499.0
(1, 5)|South|105.824
(1, 4)|South|178.04
(1, 3)|South|298.4
(1, 2)|South|499.0
(1, 5)|South|105.824
(1, 4)|South|178.04
(1, 3)|South|298.4
(1, 2)|South|499.0
(1, 5)|South|105.824
(1, 4)|South|178.04
(1, 3)|South|298.4
(1, 2)|South|499.0
(1, 5)|South|105.824
(1, 4)|South|178.04
(1, 3)|South|298.4
(1, 2)|South|499.0
(1, 5)|South|105.824
(1, 4)|South|178.04
(1, 3)|South|298.4
(1, 2)|South|499.0
(1, 5)|South|105.824
(1, 4)|South|178.04
(1, 3)|South|298.4
(1, 2)|South|499.0
(1, 5)|South|105.824
(1, 4)|South|178.04
(1, 3)|South|298.4
(1, 2)|South|499.0
(1, 5)|South|105.824
(1, 4)|South|178.04
(1, 3)|South|298.4
(1, 2)|East|185.515671093
(2, 2)|South|294.916028638
(2, 1)|West|497.874652546
(1, 5)|South|105.824
(1, 4)|South|178.04
(1, 3)|South|298.4
(1, 2)|South|499.0
(1, 5)|South|105.824
(1, 4)|South|178.04
(1, 3)|South|298.4
(1, 2)|South|499.0
(1, 5)|South|105.824
(1, 4)|South|178.04
(1, 3)|South|298.4
(1, 2)|South|499.0
(1, 5)|South|105.824
(1, 4)|South|178.04
(1, 3)|South|298.4
(1, 2)|South|499.0
(1, 5)|South|105.824
(1, 4)|South|178.04
(1, 3)|South|298.4
(1, 2)|South|499.0
(1, 5)|South|105.824
(1, 4)|South|178.04
(1, 3)|South|298.4
(1, 2)|South|499.0
(1, 5)|South|105.824
(1, 4)|South|178.04
(1, 3)|South|298.4
(1, 2)|South|499.0
(1, 5)|South|105.824
(1, 4)|South|178.04
(1, 3)|South|298.4
(1, 2)|South|499.0
(1, 5)|South|105.824
(1, 4)|South|178.04
(1, 3)|South|298.4
(1, 2)|South|499.0
(1, 5)|South|105.824
(1, 4)|South|178.04
(1, 3)|South|298.4
(1, 2)|South|499.0
(1, 5)|South|105.824
(1, 4)|South|178.04
(1, 3)|South|298.4
(1, 2)|South|499.0
(1, 5)|South|105.824
(1, 4)|South|178.04
(1, 3)|South|298.4
(1, 2)|South|499.0
(1, 5)|South|105.824
(1, 4)|South|178.04
(1, 3)|South|298.4
(1, 2)|South|499.0
(1, 5)|South|105.824
(1, 4)|South|178.04
(1, 3)|South|298.4
(1, 2)|South|499.0
(1, 5)|South|105.824
(1, 4)|South|178.04
(1, 3)|South|298.4
(1, 2)|South|499.0
(1, 5)|South|105.824
(1, 4)|South|178.04
(1, 3)|South|298.4
(1, 2)|South|499.0
(1, 5)|South|105.824
(1, 4)|South|178.04
(1, 3)|South|298.4
(1, 2)|South|499.0
(1, 5)|South|105.824
(1, 4)|South|178.04
(1, 3)|South|298.4
(1, 2)|South|499.0
(1, 5)|South|105.824
(1, 4)|South|178.04
(1, 3)|South|298.4
(1, 2)|South|499.0
(1, 5)|South|105.824
(1, 4)|South|178.04
(1, 3)|South|298.4
(1, 2)|South|499.0
(1, 5)|South|105.824
(1, 4)|South|178.04
(1, 3)|South|298.4
(1, 2)|South|499.0
(1, 5)|East|59.650123469
(2, 5)|South|74.3207776099
(2, 4)|South|106.612376553
(2, 3)|West|178.029377525
(1, 3)|South|298.4
(1, 2)|South|499.0
(1, 5)|South|105.824
(1, 4)|South|178.04
(1, 3)|South|298.4
(1, 2)|South|499.0
(1, 5)|East|56.4385920884
(2, 5)|South|72.0501072742
(2, 4)|South|106.453426545
(2, 3)|West|178.03150202
(1, 3)|South|298.4
(1, 2)|South|499.0
(1, 5)|South|105.824
(1, 4)|South|178.04
(1, 3)|South|298.4
(1, 2)|South|499.0
(1, 5)|South|105.824
(1, 4)|South|178.04
(1, 3)|South|298.4
(1, 2)|South|499.0
(1, 5)|South|105.824
(1, 4)|South|178.04
(1, 3)|South|298.4
(1, 2)|South|499.0
(1, 5)|South|105.824
(1, 4)|South|178.04
(1, 3)|South|298.4
(1, 2)|South|499.0
(1, 5)|South|105.824
(1, 4)|South|178.04
(1, 3)|South|298.4
(1, 2)|South|499.0
(1, 5)|East|53.5968865436
(2, 5)|South|70.2144970048
(2, 4)|South|106.326521478
(2, 3)|West|178.033201616
(1, 3)|South|298.4
(1, 2)|South|499.0
(1, 5)|South|105.824
(1, 4)|South|178.04
(1, 3)|South|298.4
(1, 2)|South|499.0
(1, 5)|South|105.824
(1, 4)|South|178.04
(1, 3)|South|298.4
(1, 2)|South|499.0
(1, 5)|South|105.824
(1, 4)|South|178.04
(1, 3)|South|298.4
(1, 2)|South|499.0
(1, 5)|South|105.824
(1, 4)|South|178.04
(1, 3)|South|298.4
(1, 2)|South|499.0
(1, 5)|South|105.824
(1, 4)|South|178.04
(1, 3)|South|298.4
(1, 2)|South|499.0
(1, 5)|South|105.824
(1, 4)|South|178.04
(1, 3)|South|298.4
(1, 2)|South|499.0
(1, 5)|South|105.824
(1, 4)|South|178.04
(1, 3)|South|298.4
(1, 2)|South|499.0
(1, 5)|South|105.824
(1, 4)|South|178.04
(1, 3)|South|298.4
(1, 2)|South|499.0
(1, 5)|South|105.824
(1, 4)|South|178.04
(1, 3)|South|298.4
(1, 2)|South|499.0
(1, 5)|South|105.824
(1, 4)|South|178.04
(1, 3)|South|298.4
(1, 2)|South|499.0
(1, 5)|South|105.824
(1, 4)|South|178.04
(1, 3)|North|165.739217218
(1, 4)|South|178.04
(1, 3)|South|298.4
(1, 2)|South|499.0
(1, 5)|South|105.824
(1, 4)|South|178.04
(1, 3)|South|298.4
(1, 2)|South|499.0
(1, 5)|South|105.824
(1, 4)|South|178.04
(1, 3)|South|298.4
(1, 2)|East|183.602460311
(2, 2)|South|295.477781216
(2, 1)|West|498.099722037
(1, 5)|South|105.824
(1, 4)|South|178.04
(1, 3)|South|298.4
(1, 2)|South|499.0
(1, 5)|South|105.824
(1, 4)|South|178.04
(1, 3)|South|298.4
(1, 2)|South|499.0
(1, 5)|South|105.824
(1, 4)|South|178.04
(1, 3)|South|298.4
(1, 2)|South|499.0
(1, 5)|South|105.824
(1, 4)|South|178.04
(1, 3)|South|298.4
(1, 2)|South|499.0
(1, 5)|South|105.824
(1, 4)|South|178.04
(1, 3)|South|298.4
(1, 2)|South|499.0
(1, 5)|South|105.824
(1, 4)|South|178.04
(1, 3)|South|298.4
(1, 2)|South|499.0
(1, 5)|South|105.824
(1, 4)|South|178.04
(1, 3)|South|298.4
(1, 2)|South|499.0
(1, 5)|South|105.824
(1, 4)|South|178.04
(1, 3)|South|298.4
(1, 2)|South|499.0
(1, 5)|South|105.824
(1, 4)|South|178.04
(1, 3)|South|298.4
(1, 2)|South|499.0
(1, 5)|South|105.824
(1, 4)|South|178.04
(1, 3)|South|298.4
(1, 2)|South|499.0
(1, 5)|South|105.824
(1, 4)|South|178.04
(1, 3)|South|298.4
(1, 2)|South|499.0
(1, 5)|South|105.824
(1, 4)|South|178.04
(1, 3)|South|298.4
(1, 2)|South|499.0
(1, 5)|South|105.824
(1, 4)|South|178.04
(1, 3)|South|298.4
(1, 2)|South|499.0
(1, 5)|South|105.824
(1, 4)|South|178.04
(1, 3)|South|298.4
(1, 2)|South|499.0
(1, 5)|South|105.824
(1, 4)|South|178.04
(1, 3)|South|298.4
(1, 2)|South|499.0
(1, 5)|South|105.824
(1, 4)|South|178.04
(1, 3)|South|298.4
(1, 2)|South|499.0
(1, 5)|South|105.824
(1, 4)|South|178.04
(1, 3)|South|298.4
(1, 2)|South|499.0
(1, 5)|South|105.824
(1, 4)|South|178.04
(1, 3)|South|298.4
(1, 2)|South|499.0
(1, 5)|South|105.824
(1, 4)|South|178.04
(1, 3)|South|298.4
(1, 2)|South|499.0
(1, 5)|South|105.824
(1, 4)|South|178.04
(1, 3)|South|298.4
(1, 2)|South|499.0
(1, 5)|South|105.824
(1, 4)|South|178.04
(1, 3)|South|298.4
(1, 2)|South|499.0
(1, 5)|South|105.824
(1, 4)|South|178.04
(1, 3)|South|298.4
(1, 2)|South|499.0
(1, 5)|South|105.824
(1, 4)|South|178.04
(1, 3)|South|298.4
(1, 2)|South|499.0
(1, 5)|South|105.824
(1, 4)|South|178.04
(1, 3)|South|298.4
(1, 2)|South|499.0
(1, 5)|South|105.824
(1, 4)|South|178.04
(1, 3)|South|298.4
(1, 2)|South|499.0
(1, 5)|South|105.824
(1, 4)|South|178.04
(1, 3)|South|298.4
(1, 2)|South|499.0
(1, 5)|South|105.824
(1, 4)|South|178.04
(1, 3)|South|298.4
(1, 2)|South|499.0
(1, 5)|South|105.824
(1, 4)|South|178.04
(1, 3)|South|298.4
(1, 2)|South|499.0
(1, 5)|South|105.824
(1, 4)|South|178.04
(1, 3)|South|298.4
(1, 2)|South|499.0
(1, 5)|South|105.824
(1, 4)|South|178.04
(1, 3)|South|298.4
(1, 2)|South|499.0
(1, 5)|South|105.824
(1, 4)|South|178.04
(1, 3)|South|298.4
(1, 2)|South|499.0
(1, 5)|South|105.824
(1, 4)|South|178.04
(1, 3)|South|298.4
(1, 2)|South|499.0
(1, 5)|South|105.824
(1, 4)|East|74.6893429899
(2, 4)|South|106.225201377
(2, 3)|West|178.034561293
(1, 3)|South|298.4
(1, 2)|South|499.0
(1, 5)|South|105.824
(1, 4)|South|178.04
(1, 3)|South|298.4
(1, 2)|South|499.0
(1, 5)|South|105.824
(1, 4)|South|178.04
(1, 3)|South|298.4
(1, 2)|East|182.139301995
(2, 2)|South|295.954191617
(2, 1)|West|498.279777629
(1, 5)|South|105.824
(1, 4)|South|178.04
(1, 3)|South|298.4
(1, 2)|South|499.0
(1, 5)|South|105.824
(1, 4)|South|178.04
(1, 3)|South|298.4
(1, 2)|South|499.0
(1, 5)|South|105.824
(1, 4)|South|178.04
(1, 3)|South|298.4
(1, 2)|South|499.0
(1, 5)|South|105.824
(1, 4)|South|178.04
(1, 3)|South|298.4
(1, 2)|South|499.0
(1, 5)|South|105.824
(1, 4)|South|178.04
(1, 3)|South|298.4
(1, 2)|South|499.0
(1, 5)|South|105.824
(1, 4)|South|178.04
(1, 3)|South|298.4
(1, 2)|South|499.0
(1, 5)|South|105.824
(1, 4)|South|178.04
(1, 3)|South|298.4
(1, 2)|South|499.0
(1, 5)|South|105.824
(1, 4)|South|178.04
(1, 3)|South|298.4
(1, 2)|East|181.02594459
(2, 2)|South|296.356926609
(2, 1)|West|498.423822104
(1, 5)|South|105.824
(1, 4)|South|178.04
(1, 3)|South|298.4
(1, 2)|South|499.0
(1, 5)|South|105.824
(1, 4)|South|178.04
(1, 3)|South|298.4
(1, 2)|East|180.183586865
(2, 2)|South|296.69639994
(2, 1)|West|498.539057683
(1, 5)|South|105.824
(1, 4)|South|178.04
(1, 3)|South|298.4
(1, 2)|South|499.0
(1, 5)|South|105.824
(1, 4)|South|178.04
(1, 3)|South|298.4
(1, 2)|South|499.0
(1, 5)|South|105.824
(1, 4)|East|72.2984985572
(2, 4)|South|106.144308456
(2, 3)|West|178.035649034
(1, 3)|South|298.4
(1, 2)|South|499.0
(1, 5)|South|105.824
(1, 4)|South|178.04
(1, 3)|South|298.4
(1, 2)|South|499.0
(1, 5)|South|105.824
(1, 4)|South|178.04
(1, 3)|South|298.4
(1, 2)|South|499.0
(1, 5)|South|105.824
(1, 4)|South|178.04
(1, 3)|South|298.4
(1, 2)|South|499.0
(1, 5)|South|105.824
(1, 4)|South|178.04
(1, 3)|South|298.4
(1, 2)|South|499.0
(1, 5)|South|105.824
(1, 4)|South|178.04
(1, 3)|South|298.4
(1, 2)|South|499.0
(1, 5)|South|105.824
(1, 4)|South|178.04
(1, 3)|South|298.4
(1, 2)|South|499.0
(1, 5)|South|105.824
(1, 4)|South|178.04
(1, 3)|South|298.4
(1, 2)|South|499.0
(1, 5)|South|105.824
(1, 4)|South|178.04
(1, 3)|South|298.4
(1, 2)|South|499.0
(1, 5)|South|105.824
(1, 4)|South|178.04
(1, 3)|South|298.4
(1, 2)|South|499.0
(1, 5)|South|105.824
(1, 4)|South|178.04
(1, 3)|South|298.4
(1, 2)|South|499.0
(1, 5)|South|105.824
(1, 4)|South|178.04
(1, 3)|South|298.4
(1, 2)|South|499.0
(1, 5)|South|105.824
(1, 4)|South|178.04
(1, 3)|South|298.4
(1, 2)|South|499.0
(1, 5)|South|105.824
(1, 4)|South|178.04
(1, 3)|East|126.33263592
(2, 3)|West|178.036519227
(1, 3)|South|298.4
(1, 2)|South|499.0
(1, 5)|South|105.824
(1, 4)|South|178.04
(1, 3)|South|298.4
(1, 2)|South|499.0
